Type2-3 180
2.1478708299207465
-3.491450759101307
-0.31095103870113405
0.09790194482348985
0.6099494971186835
1.464140815199369
1.708692818017607
0.032836637446372066
-0.5893483176745984
2.6722058876803283
-1.9292892189358026
-3.0273383068638973
0.9331425846719005
2.7686154209541733
0.47458059907389444
-2.1895636373084666
1.061342537556072
-0.0862214482335153
-1.6908877492711867
0.6598320077574094
-0.48067359832832535
-0.3934123613391775
-1.4895985365863678
-1.4889657960676648
0.003215271931078234
0.9796718523510802
-0.5622044113527855
2.233133607327081
-0.6465099590027183
-0.10888417217819482
-2.070802309965091
1.1665604503290177
0.37552568577683415
-0.13915050913861032
2.0244405798288923
1.7296507937070345
2.171185575018055
1.227288169114256
-0.6906584554875972
-1.2625855595449396
-1.5701181626472962
-1.284011659190074
-2.0490328485694103
2.328771411410441
0.37708754392951865
0.20656182069209783
-0.8907426249607298
1.2069170284050041
1.2601932013847819
2.0444630390701772
-0.34326504035889444
1.0175449054074248
-1.970016481535547
-1.0742394755319862
1.1971880360119496
0.31286676417609915
0.48005307425369653
2.0897558216954453
0.012343386262592154
1.0045845527879655
0.06334673110639133
-0.10355515077794575
1.5175132123749027
0.7264760308112284
0.8081851757659996
1.9246232509704806
2.878705054180972
-0.5958475880798421
-1.5236292526481912
0.6130208844030303
-0.5575496553985924
-0.4425159352273713
0.34956431315480613
1.740764565656923
0.05882499750436182
2.334626811097529
-0.8809111340682065
0.8032643452591854
0.07906905558349153
1.2091282093468065
-1.6966478538845648
0.15806776358266564
-2.567008497613668
-0.46651814890983245
1.269960943819393
0.20777463193853196
-1.5482090812876401
-0.06530968944068391
0.7237112191030309
2.749707808383273
-0.031247065942899027
-1.1006652331054907
-0.8555957520101587
-0.18643216515091776
-1.361176806763352
-1.0543871065924837
-1.4300026175329428
0.6239249197276049
2.040729391844835
0.4782250711800353
1.9414110100103166
0.13962472608174298
1.7744048665153356
-2.198354416236456
0.4638114482410979
0.24672147892924398
0.6511222183961252
-0.32608249661857436
0.8133530540487569
1.6206194371295952
0.30330644188421907
1.4504580745419908
-0.5339430570464019
0.8131136183696277
0.7452030169563006
-0.33351964754424246
1.5000351727618264
-0.8962498236719049
-3.469495908261755
0.8197538907081351
-0.17442810757759136
-0.4855771129230595
-1.5996470100244096
-2.0865278559524043
1.2350287693410067
1.9478110054813143
0.35881885308750705
-0.05742458090027461
0.04378143464163453
-0.3095408497340648
-1.1819880124194575
-0.9375004784075536
0.9360972091604076
0.47294813810966996
1.684120573794752
1.5418091933847522
-1.2097060478579256
-0.9087671932487483
0.0687464273717161
-0.7173067338470156
0.5050400144073208
0.25407617240292735
0.06108278238561246
0.9619143968805226
0.20522341316953585
-0.8109209568919309
1.2459809282768999
-1.3932874217282638
-1.2755266951830522
-1.626833466106247
1.164090349668367
-1.0657076114431143
0.06560147873129951
-0.06836312375069181
-0.7145023042514536
0.7058682070566089
-0.8017324645838546
-1.173471733050739
-0.7522167418617912
-0.525071311602039
1.7444717638067966
0.9992985288966596
0.16651884560424107
-1.3338575281242826
1.7769214109642755
0.6421672872450247
1.7641278173319501
-2.631204910062843
-0.358294264857659
-0.128171982518411
-1.7236118794552249
0.21755946535242743
0.12744736732597461
0.4154321796361431
0.08228831927164398
0.461327102334031
0.10630248190104191
0.39014927219152273
-0.016148504552931486
0.21643941898883667
0.14852949029361495
-0.2650871967393665
-0.038556648217011186
-0.5454460652360896
0.7757356132860098
0.37511022289053725
0.5324184067747186
0.24797068936673367
0.48469337177740646
0.9881344541735464
-0.40156908089850296
-0.23016015899583472
-0.7735248242472246
-0.5265750270715235
-0.393771343215107
0.33909667701617696
-0.31032001204587234
-0.34504995217739043
0.7254800322455287
0.3517195205367334
0.8537397757723826
-0.5615670691626231
-0.7732074431534546
-0.37180587341100024
0.9765102478674131
-0.9589182785945938
-1.2392586249859256
-0.3517152163436365
-1.2023151509179453
-0.4028020897802723
1.044445734738947
-0.8451772554120756
-1.1351182612871367
-0.1904090950206457
0.3371567489409314
-0.7406915386851181
-0.7326753525291304
0.8090977282437194
-0.21457481950757384
-0.9844816472311206
-1.2475292525912896
-0.45890931606816976
0.43200593121346126
-1.3207321576280184
1.213381763879461
-0.5711540975657754
0.38701678928277666
-0.9059426804432971
-0.011630141122721371
0.5894062799789578
-0.1214755853933393
0.5132623596558661
0.4232274485251726
-0.12088528943350424
0.779964784690749
-1.2906398722063717
-1.5178075881703972
-0.27838738092223475
0.4555293972756204
-0.2474264580707895
-0.5756066445776965
0.046114075568865806
-0.7704620597439633
0.8670583308784181
0.3199676434968667
-0.3225223401537042
0.12249247044810699
0.12447091014910404
0.9343278374100987
-0.9106406771819031
0.08327804282738047
0.4877820267499372
-0.26849731132165894
-0.709925918821072
-0.2949287000569101
0.3923075373105964
-0.0473516449815892
-0.10452632373684567
0.710781320219251
-0.9803303230872709
0.3356296523774721
-1.1481258608661689
-1.5580249320110873
-0.8602862552662571
-0.20621194520241953
-0.43796412865346707
0.3412100727381095
1.4981216126980288
-0.19624100278728707
-0.7006254945019644
0.5910761233137858
-0.2118588222774579
-0.5018507414345953
-0.4695971339313786
-0.9201945453131135
-0.90104371725852
-0.05721050713333392
0.6091544096416237
0.47301693560471936
-1.098844781510628
0.5996539261179031
-0.05896303264907507
-0.210664928229315
-0.33220131527741276
-0.7236045092782984
-0.8741333198505691
0.6411373830703815
-0.20600584800447364
0.6663645973425878
0.17618252561494235
0.44100854786969046
-0.26909234494756507
0.8355454779433
0.19471083527834698
-0.15840196794656358
-0.35230181657231197
-0.6338155868003151
-1.0048265975728188
1.0276273067050656
0.32719918312678387
-0.2980450641931014
0.4207829118246991
0.4588169663731966
-1.1839488401337381
0.09254669643637262
-1.6000736573376935
-0.331897900156783
1.8300741305155266
0.5376624573344532
0.3146610585220403
0.13156539474550238
1.3588170016286452
0.021207067117290188
0.9935337633426997
0.663758615253013
-0.0011023767952474048
-1.7225079146108782
-0.8680292539661424
2.5072487332947584
-0.5976916753667393
-0.027587732117671876
-1.080524204518012
-0.04598930129819545
0.7940361893574643
-0.8823827169576292
1.3097122576941318
-1.653135741989216
0.7814970953226866
1.7407646620857935
0.11042157472917308
0.2488343378516915
-0.1926138293704364
-1.283102271439338
0.18978255818746942
1.1296761476491186
-0.6041569096673934
-0.08235547030624968
-0.3010301644610386
0.1515137485871187
0.34904335025327704
-0.12076816146048455
-0.008937175700229366
-0.3829768355005164
0.4546917805038155
0.02528610525019267
-0.03621500137983151
0.2417430380540152
1.060009798862551
-0.3004625782887003
1.2958223112641354
0.2551594318955654
-1.9037928874869727
-0.4616346991928211
0.13956232846625555
0.11923608895986589
1.0956948382587024
1.5382455182488972
2.3275689138283955
1.675674049430277
1.167437141594602
-1.6974920983550952
-0.7625962041346672
1.3883449394733547
-2.4072783839904615
1.4871727997811546
-2.0698709436382203
-0.16944933557802566
2.3872906878940956
-1.4836707754282936
1.5897018982329714
-2.553792721522632
0.6410565138636989
2.552988182512418
2.7033606562765957
1.8536756110504315
0.6892265257364636
0.9549776756452344
4.523538484316638
-1.6053195597598844
-1.61101438747252
-0.09403549642128206
-1.3642676887391336
1.3537030523310418
1.2015769986454026
-0.9856487129661039
0.4820446918847857
-1.8345968991544566
-0.2530625783623441
1.4376716206694355
1.3556768740154488
-0.4907048933974414
-0.24196919230110608
-0.07003581401495168
0.4624449433253708
0.96661785090487
0.3899053426484235
-0.3797293700290095
-0.477032605047267
1.8577151169930757
0.09426009274438289
-0.501551873989251
-1.73860966241013
0.1366361562988077
-2.345419621268578
1.6997718789811025
1.24206408083817
0.9073374567823747
1.3503782765398618
-3.125288726989576
-2.224262218653919
-3.0776768634771767
0.4338604550405068
1.2008971172268725
0.031021256703696987
0.09965733332733595
2.136012551597837
-1.2776889459963512
-0.448946485024337
0.8513696495520561
-1.367238115607337
-0.34748629984511614
0.9328633848295957
1.6430048285445313
-2.2496781701666406
0.8194724435592584
-0.9951437116330428
-0.3194769796435711
-0.28609660608791065
1.0720137183772862
-1.7272852902104834
-1.5462455943599123
0.12855376427699625
-0.3698485156499746
0.6194395153548939
-1.5296081031206816
-0.6923845118783342
0.3250068248596918
1.715578734759437
0.729777709382118
2.0183493963704944
1.093240359205186
1.1459002483436236
-2.1996025182961105
2.9646771598690442
-0.3868954587374045
-0.834774025676472
-0.5446185509372298
0.008718480753879293
-0.3189571451409075
1.2258414332286474
-1.8847892849851202
0.23694318301930983
-0.4828557602121492
1.5132991744940456
-2.4793102697775593
0.8736003212401011
-0.2633920310555765
0.5794874607342073
-0.7263035897482795
-0.8865580439476902
0.35434263433373
0.569683984298067
-0.6193893353497246
-2.278781102229516
6.915441296492519E-4
0.42732841049713005
0.15717129386461223
0.33329129334159846
-1.1676759297238268
2.1076418245553823
-1.6598180451872053
-0.9013769322310883
-1.6926528778024001
-0.39389964023310997
-0.001149029641488039
-1.7961462251667
1.273256764407475
0.6986975402872175
1.0564884633936409
1.1087481067395735
0.3536703038116372
-1.0275355590824768
-1.3280397993701616
0.6165862418537866
-1.4697058170593151
0.6205993811250041
1.4418312758159362
0.8649933593237661
-1.8944992794291833
-0.680790784023271
-1.0604622117083964
-0.45231237897267634
0.6176137309075411
0.5012828962571697
0.6081525240430974
-0.09956913615018491
0.7500123958394355
-0.8911093205030338
-0.4583266894602985
-0.00929459942244244
0.28373077282744
0.6402258632130846
-0.3763568409330812
1.1648963297643329
0.059627850075733985
0.1724796702215682
0.10722145979726
-0.5590301385845594
0.02158632914690936
-1.0168903288569384
0.7887613662190485
0.8396899354084087
-0.5508765174070367
-0.952455015843105
0.25676921939942676
-0.6439912823536461
0.8909908471674648
0.047016169370305616
-0.21911560063238286
-0.5528083637666659
0.316637803960081
-0.08444042945389707
0.19120166397400395
0.2344984499768157
0.29859096794552553
-0.3026498803734411
-0.4348918922655902
0.08290432878944695
1.0324248142454018
1.499875096194582
-0.5262177026529931
0.3360311244484656
0.044343233045141844
-1.2712677546785955
-0.10903552901015544
-0.5564447907341614
-0.26951686304974537
0.7827262733266279
-0.288719115184173
0.01807029613231781
-0.5998850439977066
-0.08697834728115297
-0.3317658741151125
0.5298756545953323
-1.0990853005790624
-0.054268646958140286
-0.8248396946917432
0.01592923309202182
0.15975767867784588
-0.8641004140840315
0.1146891904520408
-0.33722301440880176
-0.632365640674259
-0.490169127327765
0.5442493465215262
-0.8167839789963554
0.3995863967773564
1.2446687700186951
0.7947724770367641
0.08919048835125248
1.3255868847997838
0.5600732562573367
0.847138354253599
0.13887777761012987
-1.0921115245788326
0.1413597531876541
0.5994736457456693
0.24809489794557818
0.13012437384687472
0.2594803879008185
0.2784800075944034
-0.652030336672859
-0.5083815510108497
-0.2034189347984473
-0.6655114713576642
0.5935499716099528
0.13944145011014614
-0.5062164723228065
-0.4412481509251208
-0.05610619496439395
0.37514221620761734
0.5223678259045091
-0.8454084150919646
0.9447990225324598
-0.29695279515745865
-0.5539990211410599
-0.6981786281065473
1.1153173831517496
0.9116054549443141
-0.13364770808405455
0.8621921010404263
-0.799868000940628
0.3309000379079219
-0.39975499899988387
0.9863080409130223
0.4097921470829369
-0.5009721002811824
0.10172378439898372
0.08990238935230835
-0.6829412232049092
-1.2100982407916951
0.5446695804204047
0.15145060409772315
-0.7423357498479471
1.0714223304731132
0.3353528725105315
-0.9177718774448751
-0.611444217427215
0.6384323848584413
0.6028467935311212
0.01692204815685283
1.277532078115848
-0.9320931653980524
0.4268318657729231
-0.3425937122923641
-0.3539845229311144
1.1704653040677595
-0.8694864235836128
-0.3423229156479832
0.3737341319199835
0.6018523184490524
-0.09366779965797717
-0.25385821206647774
0.30447618779764873
-0.1852965515311197
