Type2-9 4356
0.09705757728798974
-2.033769795322485
0.4059931518398496
1.190580826870067
0.07631177715427395
1.1970445809728796
1.618311121479058
-2.3424258710617574
0.42799389126252557
1.7404038445470853
-2.783063284093319
-3.091383444641381
2.7442116541380814
1.1457072879964392
0.268034337716579
-1.0595795944124407
-0.11968558750223665
0.7389858431478081
-0.785216819268893
0.8643276254125307
-2.77310034497272
-0.2498481916669351
-0.0023708436140743028
-0.4268150023418533
0.22644359430947025
-0.8628305465096546
-0.759419043512244
1.1161484848341825
0.9254176144253673
0.9650871421351939
-0.6030095652398044
1.2451319328223738
0.7175656460123224
0.3698756179408639
0.9154252903312953
2.8308548835908347
0.15541299957338411
0.2505366497751068
-1.0686379146338205
-2.344710635356963
-0.2178390987239524
0.5685356650294695
-1.850103555570326
1.2467105694262621
0.23447067880098033
0.787150765959159
-0.5360754532558921
1.103475722823031
0.3243456857660299
2.195881280071438
-0.8155910245738212
0.1524676906721567
0.317006294338329
0.33502774223102055
1.1457983791917663
0.14149371103526404
-0.6398516617741661
1.3788227706448022
-0.73414856842951
0.588908651847089
0.402018804496558
0.04856533947441283
0.6869430863512594
-0.046673016489919616
-0.08991413810401104
1.1303614556754258
1.2483911177726292
-0.979945151462039
-0.2765074846469767
0.5506759016469169
0.14518283526604012
0.03668913173551269
-0.400946611944851
1.4734917427811622
0.7914602940671571
-0.2528231064660805
-0.8491383722272788
0.2559884737319872
0.7854687210557716
0.32372663157679854
-1.6301136014628903
-0.4082807476013455
-1.3062632866863344
0.04044664397796635
0.9701839173747653
1.128780877359126
-0.2706681357293262
0.8142776333192518
0.44010173675021613
1.206694328974224
0.7209718995595487
-1.5337327035693564
-0.4592606540077813
0.28631786144456794
-0.6923012261887586
0.6453784717857532
-0.307149536565437
-0.15327349561083664
2.5386800463064776
-0.48869006889949196
0.4727846066932184
-0.05735688287810012
0.9892571127659324
-2.45981229231473
1.269761505754145
0.5242153995319775
1.598049791363629
-2.4124891716859262
0.16109751437224726
-0.07476142152503179
0.3037868659455305
0.7854788391375148
-0.6346551756008864
-1.3350246268542478
0.29332681430847585
1.438928815749724
0.9171217170622777
-0.014027331563298273
-3.1225935090450294
1.7323477143771788
0.09353319860671924
0.3844270240394184
-1.8423874187488967
-1.0956466509881608
-0.6893190667194138
2.505234831837054
0.5378760829154879
-1.2209263051386043
0.9311020245669049
0.23521977985762518
-0.6116242630297554
-0.3193967071955189
0.19212344222862698
-1.3210240141408665
0.505818765057569
0.696954989488592
0.8359084627912837
-1.5983959593613137
1.0395773661007284
-0.6202869066009584
-0.6623284827594317
-0.6917003207639065
0.4338434391528695
1.1003462749314152
0.4363156948021515
-0.29967954258952795
1.806477345772371
-1.380760447511981
-0.6569174706210512
-0.8089249492640218
0.782363935234171
-0.5001179115345651
-0.46972479478650486
-0.22176840443706342
-0.6993361053047065
0.5315972948696228
-0.07852282508248057
-0.7192607505996893
-0.04237685419512996
-0.36152592657370386
1.807767229437642
1.0821642255383372
0.7351332963908931
-1.1595218826692921
1.3398073540206064
0.4450500505253992
0.8213082766804405
-2.127791574410164
-0.4672758489996835
0.6676684219084227
0.21192645678244126
0.20731371730940426
-0.04552382002111249
0.49756194949478494
-0.7234167426196593
-0.31624788900896184
0.46796313494567177
-0.11601792271550272
-0.6556548103032429
0.33947976153069936
0.09704382807047976
-0.19461492002639233
1.4021896137580439
-0.6263829675661323
0.6635882365020889
-1.999312395493369
2.1700902571666463
0.35736182243098114
2.027746842046607
0.4372455658916404
0.24467143957025325
-0.35660010463127956
-0.4724655041073724
-1.1042233004854927
-0.5804915575727553
-2.218165192398338
-1.4082719355924254
-1.294111955037573
0.07702111813797867
1.2982533154771627
-0.7272739100388727
1.2524090302297357
-0.9383140566102199
1.5267804507668068
-0.3980801762848285
-0.23071731904598197
0.1177447625995148
1.1823923728402854
-0.8423686564237487
0.12192013428617128
0.908247221892341
1.323295304757357
1.754364262671059
0.722085570090276
-1.0974256598460657
-0.5875979037601062
-0.5195216318480788
0.62519833632283
0.15789835091887658
-1.6889599978610976
1.1789071637918576
1.48967004817011
-1.3292454299211256
0.7074520412307653
-1.2295503207088612
1.1594594556689064
0.7579868946990377
0.6324753764339496
-0.43810649375423927
-1.5434574185558936
0.3915596754526681
0.7696274640011793
-0.9413692916886138
1.2922174057093407
-0.22718490125834465
-0.18871727605723643
-0.4411481443302388
-1.6852874929068093
0.5907814151653576
-0.1570403164190884
-0.4349352966514971
0.49231827813550716
-1.0261272156719905
-1.3686144888262795
0.6572503767330817
1.1229921689281757
0.8156769162832358
0.20510796698135897
-0.41539728661574504
-1.1370604723877653
1.2716763203207058
0.5333821271831274
-0.34959028160138517
-0.5199603670283692
1.3799664914260636
0.708819087074746
-1.9190835887797795
-0.7845214336775683
-1.3284180684910714
0.22366678400334425
-1.5848148580959758
0.3888703122418913
1.5453881733981865
0.46280511970975713
0.04898835073332197
0.06199312032231942
0.5751863155861647
-0.27020307326545534
0.2424371008235115
0.501847239113887
0.5321643397213391
0.07167663333388088
-0.24340147518411132
-0.45342520257969976
1.4918930112812756
-0.04661280897821167
-0.7333780429541203
-0.785741377043462
-0.270822862218733
0.21737759478519972
0.026816749813936745
0.03676568962524465
-0.7554468562139027
0.9281339752303066
0.6858858147368687
1.17393067095319
1.1211261251536428
-1.0585381474728133
0.7695072983325324
-0.5931313790340885
0.6748268248745343
-0.6997927442541337
2.4844493005004744
1.5489184838377672
-0.06351486732574574
-1.455881162355715
-0.33309772921666136
0.6594139566055466
-2.296560334180233
0.7151592693035175
-0.1773183901836349
0.5167376160519809
-1.7859660393430359
0.46283913733454474
0.7626248185661388
-0.6046006904776411
-0.07562211735723201
-0.09773116246765583
0.8605756934222374
0.27286490090638243
-0.26258503449480963
-0.6233613118976167
-1.5967317107042676
1.3980392026160966
1.6837288060904052
0.5498733375362541
0.02972248690221574
2.0395471031685872
-0.7620868190362218
-1.2559750042062525
-0.5463493147663322
-1.6003417784269207
0.4329123224086055
-2.123002268420936
0.938293068941448
-0.14991184625909754
0.3484570765166669
-0.6337477130738094
-0.273027148388046
0.6730872961993515
-0.6610273756410578
-1.0749773861780445
-0.9196962477784787
0.5512618260289369
0.715141604706671
0.3144457865521264
1.3140012163632937
-0.9240678492936553
0.9103734445150511
1.2996068528991116
0.9311375884741795
1.227506343304945
0.17131331262538044
-1.8568314377609136
-1.4435226512216148
1.667334738475675
0.8955964429833206
0.5690565073671866
-0.22611809922769777
-0.3570596744872276
1.4414382184264531
-0.2109795308898902
-0.6563411525319767
-0.24251676422542473
-0.4910016285698932
-0.4082962228550572
1.0777846613127715
0.6749795616969299
1.1265388955648656
1.961978216534611
-0.9442847426607719
-0.48479263208815715
-0.3465594495287936
-0.5543312880393545
1.8730528577279715
-3.253149116193828
0.02397789428308389
0.12993619162300823
-0.5519035954848899
0.9764553564648636
-0.2242767573294567
-0.018406313201382658
2.5726795166868865
2.10673575224503
1.779701740006549
1.176051731832464
1.0640353000517908
4.376019106892486
-0.6308014606601485
-0.6116505091518987
-1.0484973390834027
0.250159362570325
0.5421913716699922
1.3937406249057727
0.5395270144730419
-0.19138569122155338
0.28133405908667075
-1.0159765325835262
1.1353997961655102
-0.5159832851151681
-0.32061843202293544
-0.159629589611828
0.17543197731846413
0.8757811707287799
0.158314783564598
1.3205678763686906
0.3092787945619667
-1.5584303743381704
1.3376809650524468
-0.19309511481256256
-1.1548232016049629
-2.36783389338789
0.20452138986654214
-0.2986196669961619
0.21373160970161056
1.987985543005204
1.0469737969824797
0.5177993787954265
-1.0415338265913712
-2.2496572540932247
-0.6761598131857889
0.6438100728120402
-0.15204185289727318
-0.1616419737907278
-1.018928429420988
0.5640369437305057
-1.1387043922247209
-0.18217685712236786
0.367568502898334
-2.2557871815183685
0.05403139730870691
0.49315289876790874
1.3632924929763235
-2.025118514125074
1.5686415442634916
-0.8981223007244086
0.6431254782428929
-0.12698675866496825
1.6084814330808612
-1.9605023630966107
-1.7233592521167085
-0.14199978392715717
0.17543802263731828
0.12451388028113855
1.0938374277029679
-0.495286227801805
0.4907442621749486
0.6164356942154082
0.2197986411422896
1.7272347317590824
1.9544309567178473
1.033132438613304
-2.6495816629108764
1.6938002601467907
-0.22153985426273273
-1.097913137516205
1.0378705206495749
-0.05201641942987656
-0.1481143556798565
1.4649376392908677
-0.46171033838018205
0.3084418810699412
0.8650298481301253
2.58797211482895
-2.0527885003545405
0.802004916417601
0.5857485325361134
-0.9311047855132617
0.8426369337484549
-0.8327472786829719
0.5218223696588931
0.4851432744127938
0.3177665465172856
-1.2999517221953423
-0.10739549843605303
0.5246467247368413
-0.02640874507617723
0.7573131980216408
-2.3914588097818483
1.848154499403934
0.05522082731523219
-1.372902181141734
-1.630686851403426
0.31069352202458
0.596897666552681
-0.6172711087181009
1.3593832611626053
-0.8778053065674263
2.2224555605951006
0.21533456389541764
0.8656544575625977
-0.2716389432529148
1.3134344968102214
0.8494868742385815
-1.3555467381303459
-0.42418945220520765
-0.5200954056587817
-1.0784420405057682
0.054375593487076455
0.31893285420651396
-0.3444464925095794
1.7832651511556967
2.66145875757753
1.1885994612527253
1.0308159403443264
-2.0564290635717035
1.1054717770947298
-0.7460468479998354
0.4063464721122785
-1.459272777804235
-0.05175536613347098
0.5749760935834137
-0.22006873466187832
-0.49101362045011776
0.12682165193201467
-1.2632029001268945
0.11743530191143564
-1.4144222244297777
-0.4198962875984684
0.048280247117512984
0.9389098412799126
-1.0478512136195468
-0.045463947284538515
-1.5025169265593585
0.5081569831664636
1.9294603037699056
0.2111130127534901
0.3980950300587015
2.4241434331429175
0.012575301023338592
1.7883570484702758
-0.824475121409203
0.2915876893942799
0.6583024456249583
-0.29903220180322265
-0.673640621650558
0.8579588645820593
-1.5497465920968894
-0.6866786478957645
1.3448803593091418
0.467266912320158
-1.8652133536010178
1.2188524427748015
0.3563646232681445
0.47154440192397573
-0.11259188907530315
-1.1499696467311122
-0.8253216191017434
-0.8596006887932621
-1.3241876291364012
1.0673193927984623
0.15879064240660457
-1.0393571634398695
0.322536237608669
-1.1253201142909894
-0.5539714856771697
-0.5853009748030444
-1.2303369310558407
-0.5913115885003845
0.2858556836673958
0.5530439968568278
1.3186418277895404
-1.608875280470842
0.9834374061245368
0.5999282973999046
0.07942089415682499
-0.3389470912745769
-0.425286824450151
-1.4717986381620896
-0.29644115139622434
-1.3272035585840174
-0.7072383935252246
1.208384256336088
-0.2740932813236089
-0.6751216415024888
-1.0197487377727377
-2.0805632246757306
0.6001750396257131
0.5229847090916129
-0.23516310500330062
0.5681527757985214
0.8867989303706557
-0.9695973396177824
0.9482437197053416
-0.4386050325263139
0.7710511143214485
-0.24691509121562819
-0.9328258255347714
0.12102886628967913
-0.5314926505990699
-0.14236906916085984
0.5968277222098798
0.916173674340852
-1.156345380080416
1.1535847937655834
-0.14286111424575762
-2.6249043526497444
-1.016757421244921
-0.7796802390458705
-1.2275171043921318
0.9491147314863371
0.8565976427711814
0.2520620549427643
-0.16339352371126536
-1.6037253935515678
1.6954940686430642
0.2531558288136111
-0.007652375926940652
-1.4105143649644574
0.1041290729924661
2.276461599566242
1.6996491456815508
-1.4272344764272178
-1.370707825656722
-2.0665934751551793
-0.9198919857903973
1.4182553160110944
-0.7006791790641707
-0.9330198673683887
-0.6666574798347641
-0.8533045441908198
0.7014889408654077
-0.30120312309042896
0.6627913955694683
-0.5278969084234948
-0.9211802613288341
-0.3077557766393756
0.4841891104383735
-0.5600693506743979
-0.46812509155104765
1.1897363669515786
-0.28950346382616865
0.05049667342655004
-0.5337215358645556
-2.307209405533424
