bobot 1628
-0.7651060333275927
-0.5743536451774092
0.2935508735106255
-0.0769007548228961
-0.25223609518812085
-0.4504159640155454
0.8507520191643322
-1.2401118319720057
-0.6379646402110088
-0.3683883484637319
-1.0837614705356218
0.5653551512783662
-0.7759980034333688
-0.2277555618123933
-1.2897822864000448
-0.17785460984380808
0.689999759992638
0.5336200026510736
-0.6580753145886251
-0.1932852260255989
0.10430978403502117
-1.6744352011272237
0.32072616250154906
-0.9051923866292979
0.960529012332921
0.6433907379118002
1.3098043067752587
0.4804218208655243
-0.14987645172647912
-0.791064848126839
-1.159356437531869
-0.00491810257991912
-0.6571108137256177
0.36634824577785186
-0.7122820220478948
-0.08602057010763989
0.5242622577350023
1.2891913764353722
1.267810865336827
-0.5785050971550778
0.4067411977728564
0.048861355556736624
-0.4802904321142657
-0.1564597096137959
0.7681538856373324
0.5159950075599292
-0.03866650880129906
-0.3939276439704605
0.06510980502004252
-0.7259638587021933
0.5621517682222874
-1.1980732361866615
0.19658588228419974
-0.22912855146591418
-0.693614765198861
-0.24433791079054276
-0.0035160918890905918
0.13252208132078724
0.25099417045663325
0.9087491107191619
-0.8897548638968511
0.13712434193902565
1.176448513008238
0.2901403152351999
0.9575601410531156
1.0265689799439819
0.15788407603634247
0.2794293289341708
0.5254983196460967
0.49714581492255594
-0.6287501334929209
-0.04336036884136722
1.1384485646022302
-0.2382749969971993
-0.7631093024190523
-0.4646146759574167
0.8585765208996625
-0.9743568577549344
0.7827897313226351
-0.1385636631849768
0.8890588848180253
-0.13189395522163733
-0.3475970819511347
-1.07609662252744
0.3426814993920254
-0.19165209341072992
-0.06644682402367637
-0.11232439621368284
0.49466337114293163
0.12264188147010346
0.3857468720062541
-0.7687026029330688
-0.8144578198949013
0.7727019504538131
0.7558001919942772
-0.4250114481095191
-0.2231059197924338
-0.2560075401435563
0.45650659688769607
0.6738339339339822
-0.4329788488366013
-1.1869691243217864
0.6820455649470994
0.9277394610289829
0.3666971822271709
-0.7568325134407227
-0.9397709262745986
-0.18667122039223355
0.5481982908817562
-0.8942433341365839
-1.1800865090168537
0.2972180508939861
0.4870011062557862
0.09876960754247577
0.27639451185619557
-0.24942273244788618
0.6666231216212781
-0.46958781862505017
0.6328983778460628
-0.4310516000432354
-0.8731978919281593
-0.27765802716388693
0.33755384778662956
0.6238488953219263
-0.9803621400944744
-0.05427817216657155
0.10622269700135673
0.911617722812501
-0.256793453567168
0.7044674578042834
0.24795554256523042
0.5613791357246567
0.11032280448720007
0.5216560627151515
-0.5777934656381858
0.13097416175404228
0.8361455676688669
0.5582177497368217
-1.1537869230199354
0.5764127725196768
-0.5406615343607468
0.20923322373714526
0.7736958567588963
-0.7828086033949234
0.5586711787408218
0.7209315563255634
0.9264242659379651
0.7944787167490253
-0.6268540213331859
0.8827519283452572
-0.046990588670924954
0.711426802075304
0.6719504182005183
-0.5218994897159245
-0.5714421326050454
0.9050413083558192
-0.5140611299725933
