40 2646
-0.23090837869401346
-0.9324291094040567
-1.0671075151158684
-1.6080774765788894
-0.5880622557892523
0.34970219439543926
-0.008969753688174015
1.8214252818812873
-0.3863072667032713
0.6812069084053131
0.48269801084996705
1.4530069732226254
-1.1616437966184276
1.1502844409261004
-0.6216676843693814
0.20349388112348601
0.06397209060231562
-0.44383062235114035
0.023297839342772228
-1.0302924348042144
0.792104230511746
0.7965929404361992
0.16340472265148812
0.5215717031322908
-0.5283036202440555
0.08720411542436737
0.9581679548941862
-0.8178946135232165
1.2444788444946095
-0.04062785203940733
0.7268632805323445
-0.45190977297519397
-0.6291669864106517
-0.4498962027735643
1.0906262258846953
-0.9666906607469495
0.4301017287153226
0.36050806392583085
-0.02141593770717487
1.100263560403341
-0.5267605207045035
0.23699725364112054
0.801001183036314
-0.6140837571183744
-0.6195175835806002
-0.13974054292871113
-0.2779597969755733
0.7925217536665834
-0.17337722283771417
0.7938801361475415
0.3630728010404213
1.7266919280462596
-0.36933695530843236
0.614098553930811
0.05627545162784217
-0.05166382880710421
-0.6093782007159273
-2.7642715438132903
-0.744811270942398
0.8165523382685829
0.6743601204593118
1.1930547454444103
0.8368816440910638
2.152688774312234
1.1335948502416486
0.9414658482316912
1.7028801472908377
-0.19806995262957278
-0.7161122361465042
0.4662835507739885
-0.7901136194958522
-0.35046246796201935
-0.4628690874888154
-0.24384881273836187
0.02961546271080745
1.276394153137856
1.3675747464505503
-0.48419312875726966
-1.5721608957926128
0.3573853157937656
0.043476347584035374
-0.14147365946676788
-0.24683524600065995
0.8249079297540008
-0.3758530285863437
-0.0610966651411408
-0.16159469608935856
2.6269801325617017
-0.3812437121183781
-1.4272502794943531
-0.6345459812085028
-1.1654429024275919
0.2575003827239707
0.4756728212804797
-1.6861659946410006
0.4372010571638511
-0.7139786273078979
0.4629205049725651
0.61067277563534
0.053171636567455716
0.23356742268459388
0.35646953011185
-0.8090472499240827
-1.534516119142453
0.2817933205006222
-0.5614492686083951
0.7780840063868747
-0.154870343637529
0.35872048898593334
-0.6217887783963738
0.6134345129154839
-0.7312414902405102
-0.32816932693109746
0.0827493934171219
-0.039638741300320496
-0.6430887341722413
0.4086579156450594
1.0782738071668247
0.13776680684130296
0.27860687363565523
-0.22832320407664608
1.339360321143705
0.13406392286090377
-0.7328680652908646
0.4750649540818741
-1.252954552931226
0.19028831076236297
-0.7184387113026424
1.0479685943715344
-0.12067941528587972
-0.49529604584703457
-0.16252923059370375
0.6137549720821842
-0.09200329789709036
1.0629391733856297
0.5687684269065578
0.996699469177321
-0.5011050134607389
-1.854843281808746
-1.0890340493453643
0.07033212249050536
0.0012547488893624448
-0.6059250723157599
0.17671808204272932
-0.39542160935439674
-0.5810429524458137
0.4590601995240814
0.029388369902106665
0.2694838093484888
0.2805080331025209
-0.1341710739408772
0.9888837993151331
-0.02130651110724216
0.23112164201712576
-0.1690878330939088
0.20295306699090973
-0.2348475157557869
