5 3616
-1.2884907332047228
0.002314942955240651
0.8082079720898756
0.06585767308231699
-0.17674937529783324
0.05123237840650169
1.3097327056461174
1.1634767155347836
1.3821785758513716
-0.6662178548507954
-0.4168414256931297
0.5370554349292656
-0.6197696603069367
0.7280663165671586
0.5612990969943976
-1.71371365746911
1.2151781817005167
0.736767389687617
2.006767039202706
0.2239848592221479
0.33831044118487674
-1.0341469109294672
-0.46819389172454184
0.9073985307665637
0.8688398732444348
-0.29456336235623204
-0.4765745346129758
-1.5528876277322432
-0.005311030271733463
0.3658091816798772
1.0319698592815147
0.47264069900675476
-0.4796901158145255
-1.2877730402835172
-0.35134245007691434
0.8890057840530801
-1.9334989096042783
-0.28982954845273656
-0.4929861675755712
-0.7279681507893017
-1.5369833516963347
-0.7735466140364617
-0.0986899804942537
-0.9558189561723961
0.7081399723919
0.1363298290503539
-0.5343406613084973
-1.3416270325272306
0.8789130600049265
0.3050819294742796
-0.6277087407343739
-0.7185589168448736
-0.8018143381785349
-0.6964148659666053
0.014582290473201004
-0.4706659309993598
-1.3600806855845589
0.2361778156513724
0.38842644331812803
-0.23934895359668443
0.5237989763648283
0.36034970989542986
-0.49006335957188063
-0.5175880567195732
1.0930165404505723
-0.01187335976574605
0.20540589790545893
-0.6741805071815228
0.5133744884567452
0.04357452289525571
-0.5201246756542532
0.5753208840792217
-0.14169802719634766
0.8957342241243696
0.8001939048073556
-0.44333635037061936
0.19396944903480146
0.1369165457174285
0.9875017063378445
0.5172677641818764
0.36925870657216897
-0.19040496833610407
-0.7803328743794623
0.34341079988623263
-0.37243271735312783
-0.17559356496000508
0.7556058572486233
-1.1107487900919142
-1.8843929175314602
0.44449369655616955
-0.3576098080810879
0.6732656268513928
0.7682906001273546
0.3959483941669212
0.8494682972863362
0.5951608026356047
0.006943179903754301
-0.7938261212833297
0.24942755883661763
-1.541215813435015
1.2164313909024187
0.7876660966414113
0.8895545139657992
-0.03956768153932877
-0.10290382849855512
-0.5475930794422927
0.329152721108464
0.012791626083746233
0.23847489536828465
-1.2282178432526227
-0.5539626084765398
-0.6174063952815274
2.273130765332793
0.20494692487755242
0.17473636498627226
-0.45536853707674724
-1.471737232553856
0.4886236723310723
-1.556356630900528
0.5776288906445042
0.4578152901671304
0.08359092633766763
0.7204558223522957
1.1763425595568975
0.5005201499114909
-0.32444874761060893
0.9041512020277709
1.4246426163820132
0.1611762107973007
1.3232890996424351
0.12208192204018624
0.023437570101724564
-0.1497474828760988
1.0480331556204505
0.8957133017741047
0.4177573630333722
-0.5681101311331911
0.6746329192615143
-0.9176779781630875
1.2619407587335045
0.07670934354906483
1.0905840128094257
-0.6592435056659124
-0.4394622558535467
2.928842407451338
-0.7921165392065228
-0.3766149389152518
0.5252701983453165
-0.74378590720326
0.3165616720911092
-0.6548477489889053
0.7766264655004576
0.6610169745362054
0.14591549894164368
-0.9930623306218752
-1.2660137053520497
1.3172116001459375
