robob 1600
-0.6385204078709843
-0.6466611639969486
1.1502486950036572
-0.6116787367331773
-1.0623731376187484
-0.5524649470360786
1.400679934199567
-0.7724345273589484
-0.5722731217786468
-0.1087925999585988
-0.8507841652328486
0.5395932502472323
-1.1205354120009623
-0.2901977491100552
-0.6742954423042065
-0.130048296759817
0.10467649038639171
1.1919076169325737
-0.13108208403125243
-0.5604219931639807
-0.018394292714584544
-0.9008193242638729
0.6984718203801035
-0.8356144061038677
0.617321018913303
0.5948707890482015
1.1090524234334709
0.06332055766023593
-0.48667555341484403
-0.7192172629524791
-1.055561920812445
-0.007287962221102062
-0.7511836096691731
0.7990816306809427
-0.4444802953719017
0.2510184589560529
0.6252580280715297
1.178049810928738
0.9880171834871323
-0.4314803669816789
0.5983038242138927
-0.456963884253903
-0.4277834928064247
-0.6521791776552164
0.8928298927062603
0.8246486928851174
-0.08984129878010462
-0.34560086015505814
-0.3163276678826406
-0.2881382417461975
0.7894907320042744
-1.2459183381545738
0.2950978957549404
-0.34881131503700924
-0.5169082288253999
-0.013963921770239439
0.13195406380496302
-0.1679871768487428
0.622757180058731
1.0805808369751473
-0.5068448066999036
-0.08855545121357433
1.0304343607690416
0.43409544492041585
1.0634615308993955
1.3804870834396181
0.42167976306715604
0.6669614375633517
0.5934458593321502
0.8681735711265552
-0.7345835670142291
-0.33251571505358835
1.3222980524792767
-0.015213380679881934
-0.1887017094998772
-0.65063639740962
0.9443637818186638
-1.1857894968488623
0.6778066012820134
-0.9207885815764973
0.8684915486288757
-0.21647678478472052
0.02520855877504414
-1.1972314572344727
0.8760372098252586
-0.27110385004374055
0.14396804445974945
-0.5714711901405841
0.49466337114293163
0.08143820094591166
0.148105948387987
-0.9336306607108655
-1.5839274990359773
0.6757414684155885
0.9951860003727715
-0.16966186487428103
0.2131560223832187
-0.33194573574872516
0.7525087201499328
0.8291283386706149
-0.5961639170736421
-1.331798968270666
0.3110751796289488
1.276752928657557
0.43669928023604965
-1.0910553743984457
-0.935010671449598
0.010066241295339062
0.4386383984479756
-1.2870756558733982
-0.9141067557441596
-0.421517861519076
0.10391116958622448
0.09876960754247577
0.2324254282079728
0.4536924716446695
0.36373373721633256
-0.8042648110461142
0.8727506067859818
0.0934452184639987
-1.5509262713641172
-0.4983884355333069
0.9821744810438484
-0.1927735048395119
-0.5828922656822871
-0.2694132305852759
-0.3234231206127045
0.8602029465622345
-0.6669854058983942
0.5908775715488893
0.44364045275105235
0.977202768406793
-0.00170844713611909
0.4261800592562604
-0.41090216670438906
-0.4754547650300153
1.4057398648775044
1.3409279064460702
-0.5732414510902534
0.25714815494627385
-0.848609345723605
-0.07456844572135535
0.6022989055183361
-0.4744244061495007
0.0684167011581131
0.15316876947697583
-0.05912680341275492
-0.0879946556570832
-0.36084879470490594
1.6889195710845346
0.4364385858005842
0.5176829171896362
1.301789700576315
-0.9614060963546991
-0.8328712756509251
0.3110082113171042
-0.5088301185037429
