robob4 960
1.484532808302735
1.6924945689841753
-1.3671925597335002
-1.8473132404073564
2.187363170039103
0.25400100603396997
-3.552561536668949
-0.4717295733074964
0.2928616151355397
0.23382960865800073
-0.24169087977311066
-3.00021444862934
0.6099656368775727
0.32307554305169395
-1.6489393495222202
-1.2336878091135646
-2.229397939209008
0.09642387645432152
0.8848386376734193
-0.9376127808901018
-2.535498802045822
0.8131832047991572
0.8684114157977271
0.03967662472943015
0.7515805429021486
-0.8754131387676986
0.61126277891713
-1.4902149365328288
-1.9046137961163894
-0.12222901848097234
-0.4415256748347812
1.3461958901866602
-0.880310206960432
1.087771741607812
1.2446733918222719
-0.029518756802177734
-0.3300766616855454
2.0409725684253144
-1.8139824141335836
1.6177942038164546
0.7525239113947877
-0.34955100443143905
1.169822362959035
-0.25113158760541415
0.2923128402837558
1.1743402403321548
-0.6564215192587401
0.0899727245008847
1.1867099909457264
0.19844973466008048
-0.7220045474550449
0.4075630860367598
0.13485695399291148
1.0198270002907537
0.11913828349309513
0.7887501380801336
1.485999872216879
0.8413593473872419
0.7411610830426975
-0.08931896214482657
0.27406088998679073
0.5036109288880896
-0.22364575789172897
-0.34925514454635853
0.9982812735796698
1.658866479533505
-0.2299227848722224
0.22410967753339128
-1.712815215170649
0.43281548037431516
1.0740851510817482
-0.5245112182783858
0.5520535339942895
0.6049022147586313
-1.5677795079164665
-0.16674307144525055
-0.3736697466466453
-1.8736275824446735
-0.6753856121498437
-0.6088662617847647
0.08262170225839427
1.0425696327669016
-0.47884116004257027
0.1792773125971025
-0.7445259705228511
-1.0251377945900857
0.5205923286870839
-0.18241629014348937
-0.5120015326414444
0.676783187760273
-0.4579895162732581
-0.29839605614307696
-1.6351921803400957
0.2559008698192712
-0.020205235194340282
-0.502252707459403
-1.2418331406751575
1.34877323274325
0.833911815728497
-2.3465457609956255
-0.6566828384931034
1.7324915014351132
-0.1011143877671993
0.9737461826546963
-1.9326232830292778
-1.5212546088363437
-0.383137212059658
1.593932621374098
-1.2527397168849541
0.8806362597998793
2.0846510623522794
-0.09028729311961614
-0.3030082122137283
-0.5803208850151091
-0.49795854638680026
-0.9102730345120956
-0.15303815584502414
0.016028063698457773
0.8615344413622613
1.0992856181230108
1.4989592751249219
-0.9408115228575155
1.5166078040277648
1.2835732668155142
0.5829698912483898
0.6752450742887773
0.3898374525751961
-0.6628147265384864
-0.036126080528855534
-0.7987484169144097
0.8756701507868568
0.060062319411916254
-0.3487981839037691
-1.7074999114155982
-0.1892914984129148
1.013418315279076
0.40093579115419115
0.6130468978123207
-0.7600954380100984
-0.1511888344335831
0.4171695911628653
1.3060510390837983
-0.41399822646073003
-1.162065126700062
-1.068002057965274
0.5396603919119923
-1.2081501216949944
-0.7481899140658893
1.284795459629042
0.3217154063799247
0.46024558331463844
-1.225841897417919
-0.6578832866252213
0.08464599828608851
-0.9765478469368695
1.3382864914991115
