34 4085
-1.473335684833189
-0.04978676114167535
1.293955793080605
-0.2199152062820467
-0.08180556889035338
0.08930748821886453
1.8273817369283012
1.213920682770139
0.6904668223882838
-1.170313666745291
-0.05417711160157779
-0.530239563736397
-0.7783715675218474
1.1133841800679012
0.7772461145119132
-1.836782144123307
0.7979882330834012
1.070382694422331
1.9876541109446721
0.1920010215122463
0.5691756345158009
-0.8056631726972586
0.04539668835706756
0.34949769638470796
0.5698173937009084
-0.4063738560177914
-1.3685633380653643
-1.0850862674350201
-0.3558026315844736
0.03132652677819722
1.3972279970753128
0.7483687093864271
-1.4941107357639842
-1.3727487990122955
-0.1947579351490546
1.0360398147391001
-1.637306298435619
-0.24595161677532154
-0.29458092431183186
-0.5842837009597152
-1.402991596005061
-1.9036410805212172
-0.3912812728556097
-0.8870738145117439
0.5397007400324869
0.22271580806124042
-0.5343406613084973
-1.535598475148647
0.8284981835685492
0.18610185565234627
-0.567089827010794
-0.8225693923943241
-0.8811198165520214
-0.7528578078475472
-0.12072870339667063
-0.5120648466070679
-1.5554312216555952
-0.23809094897683292
0.38842644331812803
0.09198127686341942
0.9546348680157887
0.4101960557593751
-0.37771415782835055
-0.7324016790481791
1.4475315049276343
0.11853412113963091
-0.013743831061114292
-0.787964689892653
0.6060177711832098
0.27341172112176854
-0.577450146584882
0.63742119331052
-0.14169802719634766
0.5950556173238334
0.7514723582882817
-0.4176210293933179
0.11818638940490722
0.2326999831745187
0.7175652520295822
0.7309843063901734
0.6095952996983288
-0.12026243145052842
-0.20413565447062487
0.3984944577892173
-0.27969726926913485
-0.2359187511294892
0.5313512501733456
-1.0443691824115215
-1.8711708565320377
0.9367411174084088
-0.3069931917038907
0.8721186297148597
0.6801254789578821
0.014827682944178633
0.8334644012848754
0.3762621887737716
0.0715513728042051
-0.7401024220637965
0.017889995987259683
-1.4845831771061817
1.0700737680521808
0.7900803879039793
0.47688654334423575
-0.01274066020716445
-0.26404627954489296
-0.7665653012797398
0.23487848866975736
0.2295375492853371
0.23847489536828465
-1.2618620599554975
-0.0274338355267571
-0.6178188745853815
2.387006026773548
0.20494692487755242
0.06736555005344752
-0.48216005081066193
-1.584883815692864
0.33089735163415057
-1.9974377700773078
0.5365586524663577
0.2869281416573541
-0.2161764074744424
0.7479434832048518
1.206935331678498
0.3973164958021582
-0.08836340556349892
0.9041512020277709
1.521955671349149
0.0652994973674037
1.216273308635591
0.12208192204018624
-0.09552223270301391
-0.28035425010239445
1.2591081446986367
0.9865566455976871
0.303562490216555
-0.8266421449408639
0.4169139095094683
-0.7857918379736898
1.6365398941049885
0.1207311929896987
1.5580880976804834
-0.6896600676408113
-0.6438325396770772
3.1489259836397148
-0.5139180413845619
0.566000414185413
0.8968309467335853
-1.1687589362120585
0.30890554315947055
-1.0394112236468795
0.8728335505166325
0.4939847239558357
0.33715212878647594
-0.4957481796065808
-0.06842303091630184
0.23991632851098535
