6 3407
-0.350396615882108
-1.4316871456046203
-0.8761567886153041
-1.71437167970683
-0.21727712195422363
0.010553260894093863
1.178687782432377
0.9639173115979461
-0.6025372395591588
-0.2771866784682486
0.9653859609487058
0.8014393664357062
-1.5401559889561565
0.9424583268281868
-1.2416092748961074
0.7272841535877322
0.9333120634715967
-0.7657420487730622
-0.39266958872060426
-1.7434550164310325
-0.7503274834099455
0.8839350722417385
-1.0067952738998875
-0.15474550910107404
-0.03802001783292491
-1.0119035126384466
0.6593990539356551
0.07090218316285549
0.3154355895783141
-0.08652127387484695
0.5019130096130449
-0.09124827378768417
-1.5469657120258429
-0.23712540185110162
0.9885887086037645
0.2867758885235401
-0.280143840257539
-0.4125430873490916
-0.22553287044063275
0.9054328969078986
-0.6332744682049751
0.5286990359191899
0.596863439322337
-0.27449551373134634
0.13115625018622165
1.3032865032273309
-0.5024826738823029
1.030299890456659
-0.9943025545657269
0.44867773778378783
0.19653413906363737
-0.6722489280004329
0.19156429312610945
-0.425047224391246
0.8780675046440737
1.390321080042347
-0.9024011210583726
-0.5344961536638062
-0.4327054293870425
-0.6827457331098914
0.7385415733881227
-1.158043443162813
0.8612899421426456
0.68605879281993
0.23453988571906362
0.35683161292390775
-0.5155237754400868
-0.3766049508934318
0.3242107064418543
-0.2759972968269161
0.23821033479585527
-0.8816159944679617
0.1668514079279701
-0.37365552947980574
-0.5966017282211998
0.3488267035142878
0.5145258219208384
0.2925534148030643
-0.601633443566399
0.4037252743203676
0.9916943162452291
-0.29069563506252355
1.0437848162774612
-0.11608065294330999
-0.6754241927309774
-0.5278714828448164
0.1619501772963196
-1.2625327474921466
-0.7366340278988324
-0.1081297688553239
-1.1145142869163216
0.7487697001110665
-1.4193960522598132
-0.375218807943969
-0.03112470150087676
-0.21435032513304073
-1.3234298270440854
-1.049925562514137
1.8506898852107234
-0.47766626978343185
-0.38091004386850985
0.5427616678126371
-0.5191885429123149
-1.2696446668680768
0.5940747051072828
-1.4521906095413353
0.6277040784784713
-1.093854474118763
1.3777713300433838
-0.8878443291738897
0.5458761494880379
-0.35911246989416984
-0.4977219205044222
-0.07112472126876604
-0.5240771488319156
-0.987481611154472
0.6619370947823776
1.2290968495670374
0.10028098390260703
0.839638268929563
-0.13113378433440961
0.6777921729470834
-0.36185544104006706
-0.5655628433978631
1.0106657056526822
-0.8194946574746073
0.9789136107449072
-0.2995827451288772
0.30352249677331883
-0.19036428196915867
-0.963539084669239
-0.21508909722908737
-0.004465733935604982
-0.17659872318054598
1.1145991373598685
0.31495720977689706
0.8414673416769396
-0.32414702359746533
-1.474494935038661
-1.2216524015051462
0.9214689822300427
-0.5192465110159452
-1.6150803067754964
0.303433625723428
-0.4123125755351992
-0.4470793557785542
0.2699567442179793
0.029230592359346386
-0.07363153833836267
1.2617435868157398
-0.18379399237130778
1.9758636342062101
-0.3762263891131199
0.8974737730913789
-0.7962442090995524
-1.7562909399658013
0.42784784176462043
