17 5171
-1.2993492675065261
-0.5272246497180997
0.5305197499788685
-9.381225225043172E-4
0.31946829080586653
0.08823803394486654
1.9933975538164899
0.8030472647084188
1.1915693202821722
-1.5565810144305925
0.34453010229165865
0.14785640946432316
-0.39412154991188075
1.1170675753747792
0.9292347175094074
-2.1685013114490763
0.57353841944272
0.3877303705988045
2.6534380801217567
0.00511529578943383
0.9716812899388307
-0.49347758028832805
0.048377837124317175
1.0807773636816327
0.39949710377602116
-0.5190231915325791
-0.17542868919451426
-1.7302877457201709
0.05983177955426705
0.39905376650768043
1.7743758185907557
1.2588651645441438
-1.2839651767005686
-1.3576301488948914
-0.1810529792090113
0.04043483294030355
-1.4396152165593417
0.16867878553548368
-0.09807039757019309
-0.33070200200330824
-1.695063807008555
-0.007174115743809162
-0.11110525045284592
0.04932479906442827
0.6098241677547199
0.05526109726114944
-0.8945729851431264
-0.5193832597639938
0.8738366912581202
-0.32002558371000733
-0.14336017387136685
-0.6039678748276519
-1.1711037922490837
-0.6447169354682325
0.11980217482348546
-0.4272021447806069
-1.193642218026222
0.32829026318589527
0.27087009310115157
-0.43450390374400655
0.289060018952191
0.572127950222757
-0.5160382567777364
-0.6804094519727496
2.4122664558617224
-0.22040981506563526
0.10204457137439103
-1.6071928074432504
0.20409999813526586
-0.29603864589728945
-0.6357093621337682
0.8478687741121428
-0.2676969900742052
0.9790970082528869
1.428945917783828
-0.5785118156119591
0.6834610261506966
0.5889189189668196
0.3615267969365492
0.7019154136514865
0.5158127098815394
-0.7738627402656304
-0.39817755218869866
-0.1304212253686866
-0.8915605914786586
-0.5879069541059075
0.24889954372004758
-1.0480045745887767
-1.765709389182638
0.8426838145813003
0.3696189294112685
0.3636270854087921
0.7886860662286288
0.21410520953675555
0.4103472962367526
0.9623812338508679
0.3605744296259802
-0.5644887918255101
0.21323124453012668
-1.5039074862572142
0.9006933209894716
1.0989308314382447
0.16957010014039586
1.8111095863611197
-0.7538768683193257
0.13404583242319676
-0.4414202936024718
0.06440056915158199
-0.965394508364819
-1.8343121408141558
-0.30143322581734266
-1.092314604554232
2.70982564069826
-0.45286122344929425
1.2221074094646318
-0.2167082126581748
-1.175888688346997
1.002471705847604
-1.0501743382566244
0.5373455634980077
0.9007705384273921
0.32964590680555683
0.8342237812323198
1.6357602864771847
0.09505595688314672
-0.17620675924911877
1.3335538725097063
1.2691915511374399
-0.776509260562149
0.5951143074407685
-0.17964766780455735
-0.13535214173806567
0.21806174041013526
0.4311397681168071
0.3678911193011357
0.78248971335479
0.5140899668321448
0.616937419140535
-1.5843570691631745
0.8582744339827874
0.7820871248769182
0.08947021799238103
0.11528464224177568
0.06271488565178535
-0.5182118931642813
0.723996504178649
-1.7704520727748196
1.9895285157263587
-0.7025348111032907
-0.5198362398484841
0.14197926885508635
-0.37766007697895937
-0.36924124791724344
-0.20521456921638892
-0.39532231196404716
1.1819744281923432
-0.5254031125059713
