33 2040
-0.38622993525620186
0.4070583204241908
-0.08451065395208975
-0.3685950592470184
-0.9156726983348583
-0.844766529611203
0.4910985591536733
-1.147048153842247
0.11531923909220423
-1.062789532832825
-0.7380197660882208
0.33767315960632055
-0.5891636633418111
0.9964929365760995
-0.13580212001885875
0.19147929872074387
-0.43916680180449363
-1.0372612137544286
0.5720034577528651
-0.8254259281699519
0.7993550112646859
0.5626977376347126
-0.69937304224971
0.3170131030395995
0.2998507761850385
0.054737450060607484
-1.1360094135422543
0.08129033204494858
-0.16956370215802086
-0.990013023833032
-0.838560285639677
-0.4515218834624668
0.939600328115894
-0.964204155164853
0.25081840528251
-0.2985942410485586
0.18965248877062652
0.9153476726472772
-0.32771667543999206
-0.6286908086941483
-0.5339031684146586
-1.0636115484388484
0.45937795667277115
0.484388434380455
0.5739036423488176
-0.9646535070492205
-0.6875620569557525
0.9975524505486315
-0.5430274081818475
-0.4346472866442386
0.40268480729723277
-0.7477970709994722
-0.4566700400740371
-0.6299854010534034
0.35887173909473935
0.1382357787321835
0.8011314112613068
-0.8930189876600629
0.491201309840374
0.9365461836965197
-0.05211558370227322
0.18655664679138906
0.6099159679335497
-0.18509107415957138
0.9864960698208864
-1.1040296997634231
-1.1017766506681306
-0.7568954964594494
0.3127831311793626
-0.23573735259600048
-0.40597854910908676
0.46951458624471415
-0.3898733986303906
-1.0692761991271955
0.2907248771838458
-0.6844910987132496
-0.08572861188707415
-0.3078675163034114
-0.4015175019067534
0.13073080071959509
-0.323436388446926
0.2721386983965583
0.8846328872743452
-0.2739288547864114
-0.6466298057211153
0.573886089233868
0.51762231413001
-0.27593885719905553
0.4187942338010161
0.07728934778356644
-0.17558598942619252
-0.8086081437551713
0.9560043606030353
-0.7046088805448101
0.6959760084681834
0.7565779282218554
-0.14547873754460447
-0.6202564343620747
0.3520553432508679
0.9730483213533354
-0.6750372702819598
-0.698989413495795
-0.8586712801802454
-0.6354289117500298
-0.7538673894886225
0.003861519361615273
-0.9278523089780559
0.4384701258656088
0.6674622157749672
0.14755650426974687
-0.3070361205195845
-0.3902906553515355
-0.2357883919007442
-0.39524472765594076
0.9915772494750594
-0.29304980085171867
0.6271677881090136
0.9539800786580208
1.0732058540454763
0.5733691783079925
1.0929056326669544
0.43660136951123707
-0.9183760654028238
-0.11647925176735555
0.39082618388013624
0.24811086892997425
-1.4183811706413385
-0.7712336574656613
1.0625030318283475
-0.34226953046865183
-0.4208387480650969
0.8976825266497637
1.2007122737842062
0.22313373240761042
0.9349151113099875
0.8310154761318037
0.05895255200179345
-0.3682815628744395
-1.0301537680931008
-1.830636113980885
-0.47999847525520645
0.041479687087190784
-1.0099250689794452
0.6585766727135756
-0.4829032181788864
0.0882001736919253
0.24464863972623435
0.3084121249706903
0.9550294751218962
0.44777837244916824
0.1829656118630405
0.8387055416386212
-0.09980636191183354
0.6480692381921243
0.07927586997198705
0.01961320425667079
-0.15414549691837487
