Type2-0 1170
-0.24194430990513682
-0.0025365153161293064
1.0570517371237038
0.6192736562660013
-0.5060215708336889
0.35691098578216085
0.3754620745605808
0.3769859841697053
-0.5789053745950852
-1.2052947316170102
-0.949834062304383
-0.28285913291071096
-0.7967529146436415
0.7066903157481081
-0.643269965521044
0.0063736890295482684
0.8509620838681916
-1.110239814675666
-0.7945178037851088
-0.6933489686034775
0.6642841046133685
0.5237745815027912
0.3380953002504732
0.5179283689624381
-0.7520526663729159
-0.028320741721583338
-0.47109652465829366
0.363825998658605
-0.9332676322907658
-0.6173405258996626
0.15860674131534652
0.7217210428777603
-0.11920640731287754
-0.7264061690431658
0.16593286868786294
0.40269417972817934
0.05899180600798143
-0.8681134137893022
-0.19793756708930163
-0.3307485682024689
-0.09705242943467535
0.699700709981538
-0.4548689561659116
0.4313684437199993
0.5079751143023298
0.8201860993972292
-0.48053605544050404
-0.045232932655016544
0.7088622164979432
-0.26110011704962943
0.14833976245765865
-0.24283716941690825
0.5288906802290383
0.8797314764811541
0.7642555270070359
-0.9580656341556477
0.9048346309272584
-0.7525555729149476
-0.364417689894766
0.0555540205361352
-0.14135140468076113
-0.13404989898711642
0.23697401019626074
0.36431543063777816
0.5502482125818173
-0.5726579227103223
-0.8864539368489142
1.135557474287513
0.3321504925508911
-0.24545064072736222
-0.6437553299268459
-0.32534982718647787
0.38247137458683783
0.38442313350801727
0.3773133495402712
0.08347663295045171
0.996625253391439
-1.0520779264476399
0.23559878238609366
0.4220791200910053
0.06623581849617488
0.9460699048322025
0.43369830435478285
0.9904826791723891
-0.2085992149420841
0.7828352685465949
-0.8863004324971135
-0.2068780398139176
0.8305626160428263
0.8990131592211776
-0.1165012488940953
-0.748820609891194
0.4650217743079635
0.32058013379810246
-0.7300002787710348
-0.09664347268346588
-0.8487716637614031
0.03950122240912113
0.4389772632207174
-0.6720801319864094
-0.020128065125544964
0.09820897040887533
-0.26443798444714317
-0.47535673398419176
-0.09369758820289947
-0.7485691020622458
-0.9896883913031709
-0.9273133770292867
-0.4514144068740249
-0.443153120902552
-0.25593956257138845
0.4088040275219669
-0.05698882540641051
0.053636218041978934
0.08757755767287012
-0.5924211542325096
0.7154565612781627
0.4117796968338321
-0.13215867527861413
-0.17316791858101532
-0.23743742800539794
-0.7168418202951242
0.6448265036710707
0.8024395420624763
-1.1746945298291673
-0.664324987970297
-0.7984371935482366
-0.9592126694527306
0.15854810239125539
1.0743493757774611
0.5070478446176769
-0.4560611216400601
0.6349919750239318
1.1309773277286805
-0.45781240275194857
-0.14199265314210507
-0.399062980420392
-0.39699946039860756
-0.09301513729547906
0.20079819379964925
-0.6646091644904153
-0.6148338516333798
0.2545063595789297
0.5601013210988715
-0.44860496708819264
-0.4573896817874592
0.7364018503311107
0.9285389518561953
-0.4522169106216165
0.37116485786521025
0.7639575289018503
0.8963837834120512
-0.44008969033707046
-0.7880573077107402
0.17941433311914382
-0.7267722042451661
-0.7617876066046009
-0.4310290185783796
0.3511221097654537
0.970441216414051
-0.7345372589594148
-0.04521659101249466
-0.5798111507688359
-0.5597167918851418
-0.1889367078400388
0.32538122360691335
0.7235665973625162
0.4961725642428748
-0.4928974184002116
0.4742247918200626
0.5685603527779228
-0.4639369190571808
0.2665774995025477
0.4146928123071034
-0.4467806765885214
0.7781246459366751
0.20003806726508985
-0.5625863686801731
0.024433807179606776
-0.9573484678563011
-1.2128877330009638
-0.0787702204974261
0.23957052069784654
0.1783213687819064
0.7380997569331009
0.6230576714428792
0.036232523026305745
0.4419531955257707
-0.5206614137330624
0.19115039141441698
-0.500088816616405
-0.8427717132937028
0.004714860679968236
0.8322869257145404
0.873608958305274
-0.7758926022964265
-0.8143553042865463
-0.44548476409072696
-0.7953180016462926
0.6298578306173137
0.2635960590764556
-0.8498605103294066
-0.12747576817963835
-0.5635328847626357
0.33894635423803954
0.6488388865152513
0.9218653611175529
-0.11304789368260629
-0.9893068167722101
0.36796355161791683
0.5585566783100233
0.008998040392861117
0.6728855181416581
0.2753370254025197
-0.4448267215842541
0.7510794665848795
-0.6843210762423159
-0.40691984068361253
-0.20056142935935067
0.15622626420715868
0.263912244869529
0.5579885500666573
0.9742454433548475
-0.7003800414283785
-0.35536286758890323
0.5913568098359947
0.22590761890199418
-0.061719016183214064
-0.16894101130309047
0.8396822524688505
0.029765323815415773
-0.03857525284225849
0.9660003969519011
0.3752457327430781
0.9866282808514535
0.09962266767310433
1.0673120433253351
-0.16653003257690474
-1.0987012236019982
-0.9079689396819226
-0.715215721399711
0.5519802534086624
0.7047352448541868
-1.1024115956442542
-0.8768913576724637
-0.6852871110570846
-0.49981562696949156
0.6763604927506766
0.4502378308288765
0.09379065545228737
-0.8050651995544031
-0.049886994464415135
0.08229547470898227
0.1523149471637803
0.21165563907373697
0.7868549915622172
-0.04854503963764714
0.752132157574354
0.2831045196111064
-1.0406471803859354
0.840777131976205
-0.022661150310397837
0.6287461367961698
0.8127829298131175
0.8487550013878808
0.6718258626647715
0.48365762620209407
0.585414162361261
-0.13782866858217213
-0.8133496092532005
0.4044223930543672
0.7794176032039328
-0.3274899972639217
-0.874258232006724
-0.4107674371967853
-0.4640163342253677
-0.73582035092595
0.9318727415948692
-0.5045010816685815
-0.8950222874400218
0.6518507705987
-0.03229924153512939
0.3562439956737088
0.7423608742121834
-0.7762432643861978
0.6454833683433723
-0.40732947567043054
0.5726173841231732
0.15968853332497357
0.8476354680418081
0.3709135941778765
0.7644959563582707
-0.36808331473606226
0.4284171405530417
-0.5201949568469995
-0.20522808276505589
0.35842921781926956
-0.9909194674564721
0.10866027336308429
-0.19412629507221846
-0.800814996069549
0.576322138585578
-0.6008343224153427
1.0462913771854399
0.6186753887294927
-0.09362571929968366
0.33479072745469485
-0.12257836058502325
0.5701503899447438
-0.22131786630538294
0.699910179101636
-0.6511560352737069
-0.6357719030613469
0.376587284883826
0.9324374488759675
-0.1823671697592293
-0.9667988203024641
-0.5424241133646157
0.434122370959912
0.6318334253758822
-0.724949072029405
0.6000527148319708
-0.4587297165294041
-0.5370680930653369
0.5643822605523467
-0.40162442348487093
-0.7083515551056225
0.7094091375053169
1.1779973081681505
-0.7214769820322693
0.15292158551314694
-0.853577657992278
-0.060828647777628087
0.9520490715974868
-0.48561864684603945
0.12400309708599688
-0.19939244067678571
0.46929119354072846
0.31460949113973324
0.05904760102787132
0.19982181809275062
-0.8351544730300369
0.4220644807114127
0.9821447432793733
-0.2760605468846484
0.038392910524827295
0.23913821096421395
0.8595521670324281
0.8967798568093959
-0.43320775392989475
0.3766835108870647
-0.12299667178196347
-0.3763714324338264
0.6177136479395822
0.2282761915112426
-0.7493227514597405
-0.14143584920475502
0.42978093113844407
0.08649168069431663
0.5692562577703453
0.8446616739765231
-0.7103197253987572
0.6525231433555563
0.934251237955071
-0.39545391331813334
-0.9797456072932498
-0.6718600382017215
0.339120904885049
0.047942079962833506
0.009447107458886328
-0.4308306117423035
-0.8904046464936104
-0.7168922293789437
0.7932959818129088
-0.6351885716840278
-0.8302483497827711
0.20328980920104156
0.6556094840654293
-0.19564088500512455
0.06723051765719612
-0.4341423875141725
-0.19509988800518063
-0.37117700658719266
-0.7328552516624145
0.8543670142601675
0.11396796654501062
1.0503473834443238
0.6768512025590256
0.22168992620321326
0.9429690639721727
-0.32987151696117856
-0.5036347182017746
-0.7214279075931465
-0.14232814406610572
-0.11725916593485719
-0.1943217551455958
0.5327985675111176
0.5214045445715
0.20919426256558532
0.28280202809988464
0.8902662918833947
0.6093091455855387
-0.47305369464268976
-0.5183420319581816
0.04366955090797099
-0.893326135582335
-0.28413175938752805
-0.010369522378459367
0.04254054450371636
0.9545145528753534
-0.40728279099863407
0.9679912365889174
0.33995754578180837
0.4611592076997403
-0.5994202665061299
-0.04163394116267213
0.6427779142881886
0.4106033397726775
0.5009423058939868
0.6521364527519999
1.2520246405255455
-0.2656096725785111
0.5605376058187952
-0.5775663337249679
0.5943352369077939
0.2503899799812058
-0.3030619140628251
0.8184774290272918
-0.8795159179685668
-0.7891569912309333
0.20622311315283448
0.19897094003058413
-0.6291316873087023
0.5382942403197527
0.23818827598897507
0.5971277844521555
-0.10786878731433097
0.6511888452061179
0.11127349105495522
0.7072026174031798
0.48286238503491075
0.36263098337413857
-0.6318308999822062
-0.4383226826213018
-0.5678964001843678
-0.49239393777990603
0.11623351485535172
-0.4361549855110556
-0.3655445604486641
-0.5034186755184196
0.5969380264698319
0.15328263306215714
0.6916918865081848
0.6397781457195275
-0.48195530143659204
0.39693832102047055
0.38943048376119394
-0.5313089100589672
0.6020360997562666
0.18425316202768283
0.8353012318052915
-0.3235273742658966
0.0791546984067284
0.16418891221675405
-0.7079657419343983
-0.7722171523098493
-0.461526344670883
0.8655007415021978
-0.07522979482550038
0.6024693331165297
0.368268495126421
0.5770540342063764
0.37614775022516217
-0.6330148980029917
-0.7162471687180658
0.09127077985939036
0.5741731795305469
0.79637735784827
0.29289727580154823
0.48449590160628797
-0.05894435741595807
0.12391605330796684
0.4521707994017754
0.2839868781206003
0.9500853571021235
-0.2802796454790495
-0.3807769174545491
0.6389307754328839
0.2181547696967831
-0.594690559058755
0.6559380867903235
-0.37397534630607854
-0.9176321830659507
0.691206550951027
0.7293371888060589
0.6231234493198916
-0.08134917550572857
0.7707537041698811
0.607357836470626
-0.10497649083625582
-0.5119985535338152
-0.5864156276186167
1.0494787133495813
-0.4970067060246124
-0.9272196455540129
0.07624378459376001
-0.043080493445524004
-1.0195501827043036
0.486966540432304
0.1369510566796857
-0.317727642931773
-0.6480606008152059
-0.8714616593476157
-0.5997933756001832
0.49370910289779374
0.3667721339431349
-0.9036942212382524
-0.4047200245327929
0.5984055796789537
0.3299676823225169
-0.3096098408489
-0.4102003377686615
0.378908389242056
0.2518424992010918
1.2696119069615994
-0.7135200113788455
0.4758308951617569
0.1767410080246673
-0.826332436382295
0.9567015215647194
0.4068771461074674
-0.6523347003193054
-0.6882694849806326
-1.4512050638741731
0.6162506742357217
0.6472129125813935
-0.2484289094672016
-0.915334729023226
-0.35469806731719283
-0.0653080684310018
0.27627294730102736
0.667447988186002
0.3972632755693045
0.349502930050356
0.0754776626781849
-0.2562299772261388
0.7617622915125499
0.34678117021955557
-0.685295538685085
0.9916838423604065
-1.0586084831556712
1.2751871373704606
1.1918531796270975
0.33335741155225074
0.6462185453546857
-0.5229196558039224
-0.7901249455756227
-0.604426380666264
-0.9037270597340307
0.5603116019284188
-0.6581084530297243
0.5115520132565292
-0.5410833216204594
-0.27231454466715466
1.0171623589796592
-0.41751705830313246
-0.07499873127930992
-0.16105839738808625
-0.04308235013468095
0.38517428136730614
-0.9323032919786931
-0.9016161770329636
-0.5774870246864255
0.7613046202314625
-0.7784733136480719
0.21272777862002873
0.24250954563037252
-0.12870697664536118
-0.36695684693766906
-0.1515533215155061
-0.7208952713978753
0.29453614833291286
0.06246624542393392
0.3903895240532631
-0.7198458582948826
0.30060580252447333
-1.1285480013391245
1.0425748404034896
-0.5908453060290244
-0.9091189485504558
0.9197261498443523
-0.39915527551822777
0.8935077779022109
0.6444675205496766
1.0224393044874567
0.3569832650005068
-0.6423859266969897
0.4586959302336335
-0.3696246768222218
-0.7310044381507135
-0.11869557118339004
0.5325191939909332
-0.8391002987457399
0.7103498763808334
0.24531635884582678
-0.804099913278868
-0.7142428707257579
-0.5847406839597074
0.7655637815196276
-0.25627486755001694
-0.726667931488662
-0.42687792400344077
-0.33540069064958583
0.38949923529186814
0.24044335821447477
-0.10865151757085191
1.2019905056351232
0.16349802149982393
-0.6911866532755057
0.4502986283950857
-0.46662532522304334
0.6841617136345557
-0.6949883593944893
0.24381360894637333
0.008436115870039285
