Type2-11 213
1.0546320965180418
-0.4603684448760319
0.7346534827914335
-0.8212458500143283
-0.08747710725925212
0.6526422278907239
0.6215820759151718
-0.22153520725224146
0.6369792052518313
-1.1868803423547156
-0.12926402476133314
-0.5159015088631503
0.972737649645868
-0.34045456227130394
0.2629472732989531
-0.16222607770830028
-0.7806855080822007
-0.03352529782536828
0.6981480420137446
-0.5205833146862435
0.487397148150415
0.17550562792236923
-0.34797440848505273
-0.5777236655438112
0.16434930022350439
-0.9694565012787247
1.0223801316931693
-0.11742487447605145
0.9894894976590598
1.1502674191623452
0.7836845281991403
0.5520454178541366
0.19254890314225498
-0.831553576741874
0.2565473142362064
0.36410967664124383
1.3252230421173974
-0.006292879133143303
-0.3726520032966726
-0.582712216358487
-0.42039028843444626
-0.6272917262324695
0.42668910985757025
-0.3920694475596605
0.19108300784345392
-0.7454978701922756
-0.9751150362056347
0.8921396091676885
-0.1127395113785842
-0.8351016814157748
-1.220215221213987
-0.06758561980066419
-0.6106111428469672
0.1349343107858701
-0.4688146371259264
-1.141345519405955
0.12038856260004471
-0.3074184518412546
-0.6693712647483012
-0.3252663935149875
-0.41073838215716707
-0.6812808222090434
0.39590532961214087
0.35035425451143165
-0.4313224524680408
0.0485388537154798
-0.6800239860954193
0.961934271570124
-0.38695014769467656
0.7502251309208167
-0.10468806745713194
-0.12793772214864982
0.44759930636618206
-0.0012796634984304361
0.4829639179782859
-0.6596904814854104
-0.4639172906947723
-0.6762890251093497
-0.4087395582599184
-0.7847503694834541
0.37965078982425643
0.5843820189780988
0.6788823523293996
1.1246367317171635
0.10973929244547362
1.1119643733910423
-1.007340870062064
0.7969377242532992
0.5609712453502231
-0.2873554849630847
1.068335321676032
0.008357683366287394
-0.8898998361185675
0.48826385092582747
-0.4668206939289806
0.5656309288534381
-1.2115591212546704
0.24901273752942518
0.7284194603820187
0.2517242996292332
0.8555899336231839
0.5868436134055842
-1.00298122052385
0.13662367288499766
-1.1019644670020758
0.4228163893097157
0.6053272933223169
0.08654380312725155
-0.05357981874206305
-1.0283498508750895
-0.9482363736944394
-0.18980195987947504
1.0005089958868576
0.7209424839882499
0.5876919745173524
1.018953282289216
0.26888785297976414
-0.7009663061998209
0.005444371845224144
-0.2592380867282488
-0.15332751891516985
0.010120769816974795
0.40973081356663354
0.939966325220911
1.0432380784068522
1.384824949396536
-0.4642113180811286
0.021096066623590565
-0.3070548645081324
0.45727674972502985
-0.5843162410307577
1.1922199289767232
-0.07635095659593055
-0.3898304883274023
0.4219669521821899
0.24420415028159942
-0.7385459061155595
0.05138602699679154
-0.6246245239639956
-0.08259378242921098
-0.5372164692485621
-0.3443729641690446
-1.034937733567911
0.16130841566224075
1.1292958713606178
-0.036719603660199024
-0.7133661075087717
-0.4935738688351107
0.5365768439912414
-0.8979549233590579
0.38876000476356504
-0.5608707770548356
-1.4127042700889996
0.7118380470181814
-0.8551455094880229
-0.6217681046782687
1.0549044870149857
0.0674249482784345
0.5898012148903281
0.23454808810037459
-0.3373573918083096
0.7486015607724325
0.09296472085298882
0.292347027299793
-1.0081432451628443
-0.29686633097806775
0.9469001698100206
-0.060115169392383414
-0.07054587353358777
-0.29478519258628033
0.22838551560139267
0.5507673143626481
-0.26389689757345236
0.4403808112704116
1.1382454966117672
-1.2675872174424836
0.37069187955417127
-0.950547730262485
-0.9770188220821769
-1.0172927090586112
-0.26848559162421926
-1.1218641327935603
-0.7219601371779099
0.8436462037278725
0.48173843333086414
1.1275600670240982
-0.10904852845332624
-1.2296227303110028
-0.1440433296302441
-0.3226236110949505
-0.7538085705763209
0.09503615536860119
0.5126397317061071
0.7272997556263188
-0.9692179866228057
0.1421617449373422
0.7920560747837252
-0.006769732550032718
-1.066184787472642
-0.6671573403970095
-0.9388600968788425
1.1167856924027044
0.7259688434996198
-0.19476991042045771
-0.11512602198362867
0.5987098417077227
-1.154427933537465
0.44206341679753924
0.46843435751537055
-0.49284980977670245
0.7344586607285064
-0.7530754075778008
0.9813036244671288
0.3126538521275098
0.5016851169431873
0.3639413259241562
0.022930612412287027
-0.7887797084299552
-0.6520113072435616
0.2917160083470342
-0.2945264464412336
0.5909380087421232
-0.40631641488042347
-0.3136538695271669
-0.264861629203274
0.62622170481107
0.40045796460472766
0.11470634958853312
-0.06007671811565424
0.028694605462563333
-0.4815074367147825
-0.867768258357886
0.982424440544527
0.3551583780781888
0.22388821768242692
0.620363877966005
-0.70484546613388
0.8688868373085058
0.5546914394846645
-0.6499695238818111
-1.0717301645020376
-0.5114469290827959
-1.0689747336358044
-1.0838920423795275
-0.9116211588305108
0.7163192892089625
-0.6391490484472
0.4723635933532335
-0.4211804608279561
0.03541979254545924
0.6267363598361342
-1.2518268181232257
0.6367533977031672
-0.7315146409854896
0.6334507540130736
-0.38198925867412786
0.16109302024967534
-0.6487152125574216
1.0376295625486227
-0.48622311655676054
-0.28430419528593265
0.3167983961633616
-0.7064463645517057
-0.5978263652817821
0.6562964893758975
-0.025340783271434963
-0.9796981331769694
0.5322244880677451
-0.8553696136897728
0.013662032574594196
0.048717202119859915
-0.018032693536574218
0.01564630786391069
0.7807955427298162
0.3290798921426468
0.21055903040453755
0.0667451534930784
0.9471896731458149
-1.000300216464443
-0.29386668879137234
0.5768292628510595
0.9354879773990452
-0.95462719250779
0.6422761568719892
-0.7876407484359328
0.42968887111914095
-0.518779143750953
-0.36359737068837233
-0.0038462679866408944
0.26676663120116645
-0.7490994938324986
0.43594578986427157
-0.6773741013460504
0.6039751798369041
-0.4783540309098091
0.8797388130754962
-0.6831775235566457
0.13188529563882395
0.671785179534214
0.9145881979610665
-0.21042321754655613
0.44573705111316486
-0.21563912894009235
0.037258388726416625
0.6993422008356089
0.8756342412408253
1.1723198177548846
0.5218982982207844
-0.9912210508554093
-0.39712231801684017
-0.02077717240987681
0.6381835108004767
-0.5269824071031293
0.055832101240222975
0.5307087641346666
-0.6246512972702156
-0.14451067763284936
-0.44228803980279974
-0.5991848278375341
-0.5370378256654009
0.8237935268391569
-0.9284167360378474
0.9199833931979144
-0.7880966497110483
-0.42371384816674784
0.08614124135361279
0.35507993241491675
0.13076006990176048
1.0567262458841533
0.5200709834160746
0.5033533666636483
-0.14009380144810502
-0.003852507750366607
0.8809030581104491
-0.8615994652616166
-0.22591699396752096
-0.025424560521183803
0.8479871760800812
0.24983718357691598
0.7300085773322842
-1.034610342508615
-0.35477577693994045
0.19056970717829835
0.8183860497873447
0.11090475618966553
0.7005216168937236
-0.24414744671694
-0.7523453894484935
1.023715950077385
0.2329978298617703
0.5946811095971218
-0.6160506257360726
-0.491256815346637
-0.7776628891758002
1.2242665981099607
0.856390760096602
0.24434802135607941
-0.36707274292140624
-0.5893298017519402
-0.07332755330841834
-0.649147038853316
-0.9051869984096048
1.0433050826778658
0.5308199446839384
0.7490104628623716
0.06411092845184618
-0.24215183218054526
-0.9665926485600719
0.7170037018381618
0.10444778628401852
-0.7912848994604653
-1.0521272580559233
-1.2137759207864807
-0.9635284281453145
0.7158448963227939
0.8177339589916421
0.7293120678883125
0.4944019597233862
-0.24406995998603828
-0.9406365824846142
-0.4278315684408338
-0.0731632949079668
-0.44372360834734126
-0.6130428358329468
0.1489978886649781
-0.45041356693338286
-0.5564921214914567
-0.0704438045340958
-0.9752590841871471
-0.4711397483743252
-0.05645891706135911
0.05005591648112917
-0.4365064984136582
-1.0733626623127042
-0.4517224285094119
0.2808520968191236
0.18956054090901597
-1.0328279461476084
-0.13833319379465725
-0.3427617479970684
0.531039434652844
0.4882391388391518
0.42941230509997097
-0.7478066707975306
0.1495609708286505
-0.02211758838993355
-0.024475327357344145
0.8642332512362144
0.29953804043469723
0.58788132815421
0.22947924741671266
-0.9473971861618264
-0.04085002575280794
1.142998405524457
-0.05866562366770678
-0.20929031701768758
0.21124041704854424
0.924568845271841
0.5653937007719325
-0.6088345850382273
-0.7052123264640332
-0.2461383027626441
-0.3328442273926292
-1.0288210077638065
-0.17207124239058408
0.8435483621974216
0.5731672166591484
-0.740446553748163
0.21828385933669497
0.8837618601433392
0.689482892976361
-0.7215076479370661
0.21526081734284586
0.014199343386597105
-0.6761893384666595
-1.0839140258162239
0.8786658344748829
-0.6588914114235234
-0.8430372364898358
0.6288915040220295
-0.04042103986537887
0.7439743939938148
0.1916682515019908
-0.8555054539116926
-0.35477888614979475
0.37594863717389365
-0.16912780275082273
1.0363477231333984
-0.3028119504120935
-0.6980553434384745
-0.6147355985398215
-0.6029153390611035
-0.5893238068698718
0.606187981227523
-0.7030469671318949
0.47034894834738034
0.09885097044996205
-0.4621008282196317
0.22899083301111617
1.0278538104024277
-0.15623272081041706
-0.9326673860654076
-0.6069227837168645
-0.5525965384061338
0.19471644963709103
-0.9203385557493359
-0.8249195718276618
0.9047842254092007
-0.07848785577777595
0.49841417762080414
-0.2693263579949467
0.7052189289489634
0.8003778690958001
-0.5561317351166961
0.47642886542100193
0.22365448416214928
0.1957246002929398
-0.4054772353207757
-0.7846920474247236
0.5392203246927378
-0.6997060925354626
0.5145848202934287
0.013149783155645231
0.263093638771536
-0.7957352762370064
0.9241952675414455
0.2616364610151384
0.5330130037197862
0.5157680162605567
0.5466724686815297
-0.30367021513515136
0.060705093596962856
0.8126150903838676
-0.3702694905394339
0.7862066661013366
0.8176119923432552
-0.6354253090914661
-0.32830561993749874
-0.6911504548163917
0.785267906713861
0.7028593998584287
-0.9626432920094066
0.12837407205371698
0.29519489754208944
-0.954913635419972
0.01832303866122248
0.7550254756526475
-0.3010658324427138
-0.4790284445700041
-0.20671264983521542
-0.11311021574860189
0.9998023630790658
-0.2656842914988384
0.6612711940425217
-0.8342688105217342
-0.7438560626073196
0.19090606917798092
-0.6465164122811582
0.6209187125983493
-0.7788515515935026
0.858640945411961
0.1886293529524954
0.9272179222845635
-0.11352442881671965
0.9462119095677373
-0.7328234956500845
0.7534013364561446
0.5187107791642944
0.1895947633533972
0.8571226757803746
-0.9693278507583346
0.19249861180204872
-0.6020145808039721
0.5220611420037968
0.6702368168208226
0.5428753235498152
0.3402195311844829
0.1768007714321791
-0.010033495637445267
-0.8298588034866989
-0.19607507388155002
-0.5250463852646907
0.9126297186002679
-0.03802072287706526
-0.13392813465315645
-0.28787860675342203
-0.44599287407977034
-0.3899265231072649
-0.8853264909183614
-0.8321579603248715
0.0018035539641521638
0.7916634082365666
0.5679072470680395
0.40354709547758494
0.9630488632236627
0.4046889094811257
-0.11739670983303868
0.6204828402513458
-0.8374506864872896
0.9620251866907842
-0.22019713480790543
-0.41279565772674354
-0.9878292890298148
0.4091423862803649
0.13791762314999084
0.02790540614684149
-0.5933932213813403
0.787284905158328
0.9581141137111395
-0.8412913425119257
0.057162212206743446
0.32843000814796475
0.1530196910986101
-0.7181231658270346
-0.06967851590610091
0.765362980603763
0.26742870322834805
-0.6106520222301915
0.3524995442023977
0.9022814204604797
0.30339317932201965
0.32384858697993923
0.4394482861187625
-0.36014217143371363
-0.2639794721001949
0.8908183269749996
-0.9055440071139416
-0.7427783050250338
0.5011802375102528
-0.8042892688873192
-0.7743126659522417
-0.1259277964511554
-0.11407408780022102
0.18168133332336156
0.8903003325520218
0.2730356353927484
-0.28155383079582497
0.3567283293487735
-0.16608557330743873
0.10672911527745033
0.7397697914211682
0.20551824577862243
0.5221831677485094
-0.7458289753013402
-0.3686461362224067
-0.4902700565171202
-0.865114885697765
-1.0607944326169565
0.8637850090310641
0.3078366175796172
0.07245539567634479
0.2658411341033579
-0.026791410874646315
0.3178262574680424
0.36373575907003874
0.25082096119171393
-0.21994349993242532
-0.5761866835616685
-0.983253040908203
0.8441053937476903
0.5077706958500381
-0.9192107592893586
-0.6888933858968593
-0.37505865298101904
0.027307675657622127
