16 4915
0.4563578755183602
-0.5872590712529824
0.4270709635932509
-0.43650589983539045
0.9138056181254481
-0.027076199112493392
1.2511170799785132
-0.4401922044146455
-0.243479741015229
-0.41691016623048865
0.31696477019234015
-0.3939491113989074
-1.8259260786448392
2.6436294748872546
-0.21321999878342793
-0.6495458098534624
-0.23971800084898195
1.2948982081120037
1.7038710734203182
-0.08845271024563853
-0.15661586311789638
-0.254762602119727
0.02935013567283626
0.5150552711289202
0.36911744205207
-1.5597837402641361
-0.4088953108186581
-1.962816558660256
-0.5896716565539492
0.7002340112888545
1.2439519405377668
1.0396064913618615
-1.1787840347609582
-1.6433099524118107
0.28378082022764695
0.17955533714010077
-1.5991254754517765
-0.5455826084469391
0.02114047689739379
-0.4175133161785793
-1.4446903492448162
-0.41068158813120614
-0.4969718393927448
-0.19752646729688889
0.45346181458676393
0.05526109726114944
-0.5118537077219298
-0.7798830447949158
0.77885043115067
-0.09724095926534296
-0.14336017387136685
-0.46138905481793613
-1.1502718865561192
-0.6447169354682325
0.29069637553616695
-0.640377089510739
-1.1879425194628206
0.32829026318589527
0.037544243636514554
-0.7184472034381592
-0.23518961233422592
1.094072485707016
-0.6184999907621648
-0.9697516746460737
2.2133523471982905
-0.22040981506563526
-0.0022762572688913713
-1.3423394464319705
0.270366966083334
-0.010649173628498432
-0.7864301279950306
0.8083671110329368
-0.21580661474380494
0.8421622888656541
1.1484972315477602
-0.5241136217255504
0.38652277569420435
0.5170326247310577
0.5994128810074439
0.7863711295886973
0.33554762120109854
-0.9897161900014093
-0.39817755218869866
-0.1304212253686866
-1.1902990140821779
-0.41713728539837247
0.5377215982325022
-0.9856682563588223
-1.572773221824101
0.7177417091580531
0.08053093826565463
0.43320405240882276
0.3688060356025721
0.463007673196863
0.4103472962367526
0.7151643447988844
0.6444270250712774
-0.5014991728317411
0.21323124453012668
-1.448347492326054
0.9121532985952312
1.1157621437111194
0.24462911725556205
1.893063265600309
-0.9682210263871214
0.30052100505472895
-0.11459109899975192
0.06440056915158199
-0.6121961005711941
-1.8343121408141558
-0.1593148168727574
-1.092314604554232
2.699269400093503
-0.5528630636527201
0.980896022459432
-0.4869604390228437
-1.175888688346997
0.7392974376786181
-1.331129433745085
0.8110549680340428
0.8015767629971292
0.6605834624333734
1.0704884265689252
1.5845613957428488
0.2319711344015422
0.1271127262798582
1.3105780022443974
1.4485889290559746
-1.023592436460854
0.8672763744867682
-0.13567767880490245
-0.4352138598849474
-0.03792354638899459
0.4311397681168071
0.23973580476972858
0.78248971335479
0.3913585862845046
0.321940718492575
-1.3695547942624609
0.7397410615788762
0.44683972858400395
0.23881254246981104
-0.12365440664951632
0.06271488565178535
-0.6301730787007591
0.723996504178649
-1.599341794861539
1.426037251215654
-0.44025766604840677
-0.5198362398484841
0.2669613797346604
-0.1513489114620753
-0.32977533140191306
-0.4067756865863769
-0.5975335535875714
1.1819744281923432
-0.4502017581784642
