24 4433
-1.417382781629586
-0.24576744111936427
0.8476118438697278
0.06913068586793278
0.12864025669391185
-0.1682427616835646
1.7511390084614578
0.9029700831409495
1.0285176863899794
-1.3803821500663207
0.10429225569906012
-0.13074518583423123
-0.7577248293791494
1.1814100991404963
0.8196862668600954
-1.9396483383565577
0.9617358666714282
0.46491816062165087
2.5070093156528253
-0.1271258911457411
0.4592065532632599
-0.6850466180043794
-0.2415861208107371
0.44795090199699833
1.0334161113859557
-0.3705861848211799
-0.00952375779629322
-1.4073751188731798
0.29996878165779783
0.3764554623618728
1.3077920450516072
0.7993733777035149
-1.4889865932681121
-1.6136738348093902
0.3416184141027076
0.38205757501201254
-1.4396152165593417
0.1911475236722924
0.04744918336392781
-0.3094582123289511
-1.4972501200131996
-0.4442554974615146
-0.6190346520596831
0.2304548291384537
1.4697266168581216
-0.07607761665212345
-0.31953912292673164
-0.9634290382555987
0.2225785035493747
0.2648747175297028
-0.1327758321243052
-0.2357994847327826
-0.8661492955322776
-0.7647875870625277
0.6852783358143242
-1.1812838059869577
-1.315486562766492
0.8186525903389883
0.3410218896865357
-0.5826405410639346
0.1738832031908301
0.6790193323464364
-0.9935887538088775
-0.8490300356376045
1.1828299596290461
-0.27707041853247216
0.617390770594519
-0.9983107027045308
0.2761828042497187
0.3596740215373691
-0.9567247396274181
0.38597921375510447
0.6516850746181084
1.0357584519248182
0.9638615361182897
-0.10248868699515576
0.15652744934275925
0.885801544575852
0.07717680132476792
0.5844425017675182
0.3754004650423455
0.5061813431483102
-1.0944796663997405
-0.5319581292600334
-0.8675280002598778
-0.15711172695226866
0.7771884119923147
-1.163631019856925
-1.6807413219702663
0.47275438967857747
-0.40441966708889954
0.722447595265019
0.46212147677515103
0.05259887983480657
0.3824695487990065
0.2614749644858219
0.7108848816327388
-1.0892115045336208
-0.15331537441220755
-1.222586600061128
1.1209257435223967
0.6344131331017686
-0.046940516195116994
0.5991206038272155
-0.3093753163733177
0.606819236481436
0.4687103493017213
-0.2915049214543315
0.0705682202839838
-1.579128666623182
-1.1462032554624786
-1.1595341522115539
2.068831347761373
-0.7778912603403058
-0.19120213121587804
-0.8258243411815369
-1.7990353755669428
0.3494486762073083
-2.446817153429143
0.3244149562911166
0.1883007649189399
0.17134344491345904
0.7422419161014304
1.022361113708137
0.6381388462958988
0.7352306268912029
1.5976993473056458
2.096540200829426
-0.9550742894904422
0.9153498492378338
-0.7930396717439413
0.028006316230170247
0.35399514296141077
-0.6786919507486988
0.04248255257450051
-0.7375784701797589
0.30312993514871
-1.1189956687538813
0.25100510057970926
0.08945010148271751
-0.7619870833993052
0.5471397231853838
0.25007479952867856
-0.011357335085247305
-0.9040951393072958
0.5826755986820641
-1.4547618917823755
0.9302531255607565
-0.6938617373204834
-0.6862598494985304
-0.22918309179144553
0.32951517136870045
-0.5820442327296074
-0.5404531614886161
0.05827012006450255
1.130124180227765
-0.2584235699625025
