4 2086
0.16594185539395245
-0.712952013887704
-1.015499662996998
-1.813054413243925
-0.45276278694549404
-0.023872949980215913
0.7962050223278366
1.4661693642493188
-0.42298137949693526
0.10404237146677386
1.2484192314770763
1.0569923598656914
-0.9141412588066741
0.8174421129546724
-0.8495386066044421
0.4282294153849576
0.26107394897635994
-0.9366283524258081
-0.2647265260131654
-1.5051907073989566
-0.021970659771856804
0.5960998365626565
-0.6151948877971236
-0.48568874813791674
-0.5872076302580067
0.21858618117818082
0.17993370425010788
-0.6203431659541319
0.833553598914184
-0.05228795911875235
0.6942073944649281
-0.3555781279521639
-0.47751371447990226
-0.7231743446313289
1.1619191744163186
-0.9019159445061471
0.0428176940395405
0.536227121777281
-0.8054407657758552
0.9478423337939786
-0.273560157074493
0.6773458969625492
0.01522975022539283
0.06684659323557018
0.3679634558310626
0.6763628229397477
0.5631457662661514
0.30380870632971535
-0.5336569744039539
-1.1357039800412907
-0.891192034473967
-0.6559075996963419
-0.039072294775200966
0.8448880055400523
-0.7437658088350483
-0.13906250637492729
-0.24019371187944205
-0.36325899471348366
0.5227569652980463
-0.4403748594901993
0.004022639632232511
0.8476064657133915
-0.659579760204476
-0.03470632353756964
0.1568124373894848
-0.1847012431190891
0.03913391926933879
-0.04466998100904182
0.6336165359198146
-0.9903640097050386
0.8538370339922362
0.689987438452271
0.16288344254593023
-0.5318732073670752
-0.6835625364363489
-0.935087773771416
0.042457606142533647
-0.8469976706693982
0.3342973161726155
0.26416809040137124
-0.49163067213672207
1.041482382094953
-1.1884968427424496
0.4188363487620339
-0.3946810537353517
0.7110188588218621
0.18490780840692614
-0.8432902822134377
-1.1957882616438738
-1.156842543101382
0.7943904404087662
0.8753545818885133
0.16103547525018205
0.5336538818576412
-0.37292959484890675
0.04518182283381117
-0.5192229033189137
-0.22291306766478175
-0.6316153665456719
-0.8271126584045173
-0.3436897923360869
-1.215782327631221
-0.015268228795348504
0.6429308153772189
-1.0786111131627159
-0.9479400161696705
1.1440278460959765
0.2607282798156472
-1.3429551084316433
0.3847624001655463
1.373670465271009
-0.641817154285627
0.31780381062621677
0.7578705349834334
-0.3563670521299206
0.11062874016995189
0.0032578373711181774
1.0740002216037927
0.48735956760089394
0.6538697677643216
-0.25218624781511667
-0.3242123440602544
-0.08300562594403438
0.5435978845455103
-0.5999072941470908
0.2162279547517038
-0.666974141444495
-0.6440497876360922
0.22245881701007275
0.055132929205635284
-1.1070554911427077
0.827841019067517
0.5550497418904261
-0.649319080072853
0.4977221272834689
0.17138524522805576
-0.6944540203325555
0.6589881761459963
1.0228937373751692
-0.4713733088188725
-0.868826325824674
-0.8745821169225689
-0.6480242526659481
-0.15853405999828019
-0.6740491640422989
0.004269524357145338
-0.9221068440035352
0.009592633502164993
0.5416011819380344
-0.0580299597322973
-0.47513411858638044
-0.7827501229057252
0.3579531134586997
0.9365537443225518
1.0595305645478037
0.5944670500051136
-1.1511832357867364
