Type2-6 1576
-0.17184379215693235
-0.9089930444612176
-0.8814264016266333
0.10216184875375459
-0.17125128715995644
0.8943578562977049
-1.2669570148976228
-1.3772782046262533
-0.908973317330567
-1.3358633567800564
0.12794089891519914
0.3867844487857007
0.07395344262726494
-1.026638109845155
-0.2822423825394709
0.5769041057857127
-1.561099520163121
0.9882826397911182
1.1038851335493833
-0.4833897071280676
-0.5480828845017399
-0.8624232154037693
-0.44679188973445805
0.927552852603036
0.4847686900890599
0.7165270755904004
1.4042294563610924
-0.6360627285486204
-0.21817276108044564
0.17701012802099836
0.3556499657556541
-0.47653817528323394
-0.07586098765273111
-0.6308845548955494
1.2586443692148883
-0.7108859898674457
0.6077012414476726
-0.9612777353703928
-1.1209983093387594
-0.951118320918557
-0.6219883697225155
-0.8778554363905795
0.6247329209825955
-0.140030171536916
-0.41193105392281687
0.1903025827437366
-0.13454222194716636
-0.054939874885704926
0.6498734207529707
-0.42493196754197904
-0.12845732072198213
-0.598105734544542
-0.5571194640511952
-0.46562583948719416
0.8194274163870665
-0.19922517997630898
-0.29798703642264635
0.16113148491631435
-0.7184436085126332
0.1883174458142079
0.47034411575917395
0.10568574414246257
-0.17935459467198808
0.44601749350512043
-0.308127976246098
-0.6457886615947688
0.3802552912850114
-0.15215933892948733
-0.5515281581639393
0.9023369483704701
-0.611819966684285
-0.8112832613578418
0.8404021367725069
-0.905114679997424
-0.5930525981707981
-0.3596962465816406
0.9407145038608965
0.3750927712662201
-0.7189494062243301
0.8948024815135331
0.1832449311746384
0.012236403262065557
-0.6283703134542545
0.8903887806315512
-0.867801639742573
0.009281252563807546
-0.6014648721180491
-0.5389935470993206
0.7561338343189863
0.1687920693728386
-0.629924528664672
-0.4454812748285838
-0.8177104204053283
0.07664618800819761
0.14082842660235803
1.0269598754150717
-0.20567253407808112
1.0921073393803753
0.16027321814017256
-0.2086211927648087
0.5643656862188949
-0.20681060022319347
0.6725914368380504
0.49610162766003585
-1.1489041933784443
0.7814229863948399
-0.20717935073035662
-0.5792802729398958
-0.6944437062375977
-0.28940313908685544
-0.13525679611399105
1.0974406123738376
1.2663963912689853
0.8300269806997178
-0.037616585747167974
0.248951275709081
0.43591330063040556
0.8313340049955469
-0.772380999929114
0.3229528449822995
-0.2086826148050101
-0.009398503082675064
0.8316210791835661
0.7987858665570563
0.5617558478471613
0.20068920980693378
0.6658321611919563
-0.6348920569336969
-0.08432655734738227
-0.7637622302832318
0.33348245832594836
-0.64282363883542
-0.4188838683582725
-0.2762842335466912
-0.9296508235530788
0.6679996013050076
-0.3985988945312151
-0.4522603327340458
0.11911547785593664
0.4574764896657186
-0.1784837937779357
0.49594606430782523
0.8392439856683884
-0.06627039775592915
-1.1233673514441627
0.06661943195840941
-1.0500893061434176
0.7285410439695998
1.269445002783347
-0.9104382525301271
0.4262255918714736
-1.1319642935538599
-0.7481093419728461
0.6168876620628603
0.935574913662109
-1.1868530066203218
0.3287375877698804
0.9837989457707809
-0.11621347336692744
1.0065161138017735
0.6127186977462432
0.9766846042047053
-0.5013473470117801
-0.28592794388029336
-0.10656715424465464
0.12723889380542952
0.4650137201506008
0.836428503966135
-0.06467296275464068
-0.03895129614193253
-0.07703607836830406
-0.13732420654594077
-1.0507922385079373
1.327781255333005
-0.3769319921557162
-1.2259098506661434
0.2630674353082171
0.25602468914067167
0.8818643384648243
-0.7342294152424865
0.47726858924616733
-0.6572112537567583
1.4685204769239562
0.7492492765173149
-0.7776388572247505
-0.5952674447836818
0.6272589461488929
0.4700485554941414
-0.1228405629374158
-0.7728738700429808
0.8695299321572281
-1.0031757154810483
0.6259864918218343
1.084509707247871
1.0856472455950286
0.5273295719104555
0.8352347298938461
0.9697944066420359
-0.6022486156438767
0.610146848475882
-0.15927377094006356
-0.004989945863907497
-0.6781539210859384
0.2286446409305744
-1.2592878986293243
0.34702539063828847
0.7001544477561117
-0.5299195465932085
-0.35962878687748534
0.6113986540976297
0.7358849029494329
-0.7436760008111071
-0.5656189905757942
0.04815087865318471
-1.0425542506369232
0.21939588204105354
-0.26979173446462024
-0.5492224433856076
-0.733192708149825
-1.278362799079563
0.025121400463921043
-0.7439941259123195
-0.42891343385994474
0.9759138383110353
-1.5433194687535388
0.21807185109646543
-0.3387950393631493
0.6327414688186725
-0.31065370351789817
-0.023421419355775686
-0.5726153398565812
-0.5623312339930728
-0.27131740779843394
-0.5918357661566134
0.0867239658782491
-1.3652162519929978
-0.9521411483618192
0.31201309219853673
0.5927684974373919
0.1644666889357252
0.9497734767448106
-0.16643529599227128
-0.8914040708444142
0.05304129307315186
-0.22966866947189227
-0.8959758244120528
-0.7799946310247237
-0.3457365226547118
0.8068610429270532
-0.8897594586235508
1.1434775984612222
-0.18007840556696805
0.11387567399890194
-0.5374273014104756
-0.6321692852397601
0.5900776385534546
0.27387744880711995
0.11633505809161146
-0.217249732820463
-0.1563860013006546
-1.7025954607198321
-0.6605704702140462
-0.6539294028107724
-0.35092925124686714
-0.3805547795461635
-0.6364968928163401
-1.6230390709979146
1.0903453353973647
-0.7885844249816485
-0.5103621062340762
-0.4630416627122159
-0.3696749799189688
0.3432120608063268
-1.357054221616233
0.15091557270577394
-0.938172230585178
-0.19435967160929024
0.22782802700557456
0.31486845455009355
0.3138398631278771
0.7140014228412576
0.6551995781878033
-0.09329534208794014
0.7912770161026812
-0.5099566167813575
0.11294272018123064
0.31840285037010047
-1.0266202302856584
-0.040824383463046426
-0.6088393821968288
-1.1244815162621917
0.771591017107514
-0.47141455280889927
0.2814616245865312
-0.12795388840159017
-0.47397476320268245
0.22471247518504556
-0.019003635955011776
0.40035372101596256
0.1444525844460946
-0.9665904997500111
-0.10558606496756164
0.5491835475623632
0.021456285057863747
-1.273706016191734
0.4910495971936657
-0.04933177376290576
0.9313629813709394
-0.7607478386366052
-0.742386193066607
0.1935940847640215
-0.8148577126630615
0.34150664403913755
-0.2018397288695033
-0.009988825269030471
-0.8196960160667837
-0.49412416527249575
0.3117420635035216
0.6075209397274797
1.1786445773250878
0.616693499273923
1.0104663329096382
-0.1441684927923145
-1.1037554873846516
1.2898631181425375
1.0395999550148194
-0.9118980979814573
-0.520540327080298
0.11302209560005932
-0.2439090360530178
0.6544940314696496
0.27246468845815214
-0.12282878382070234
-0.303683065382604
0.5360706129360502
0.08018347630076306
0.9610218996319133
0.6534335822228823
0.9752894185059742
0.4837944377263014
0.5361713637618366
0.40274343679399743
-0.19091667476306506
0.6289194569941827
-1.0639438004827229
0.7934472254343754
0.8280666635139675
-0.13866310399403795
0.145854669698443
-0.08058689005533907
0.5771085404206916
1.0099887607622615
0.7956615875617474
0.47387814562240205
0.3345342140059746
-0.7509676386436854
-0.1550323889107607
-0.3258922678673406
0.5410629326939453
0.8968861132645028
0.24876633214041505
0.2689585763384066
-0.025960311950267836
-0.14385323865630817
0.28855913409470324
0.10711424125832678
0.5307492942376602
0.49790515455052037
0.2438616551374111
0.978315694926042
0.6505891588530263
-0.9226278758657112
0.048592283402115105
0.2935962618618156
-0.3733861366825034
-0.7293852936809568
0.029903087377788545
0.9179092172006439
-0.7710075602847135
0.005062421779094425
0.133802772898038
-0.6060956834859856
0.5521068916785956
0.5962641615573825
-0.748188972035783
0.821111631028255
0.044128126163085174
0.18655601533200883
-0.15429185802479384
0.07309416663346349
-0.5211810410992008
0.3850441743815799
-0.446376550930883
-0.10651083794641955
0.128955017068942
0.7328234052817504
0.7365822457269156
-0.12612129034395328
0.3866362129216313
0.507518611653845
-0.09304165486650287
0.6895084455767226
0.2972394471219999
-0.22065678925578852
-0.8362295029028706
-0.6570948163543043
0.4306618923442632
0.7272363732043576
-0.13399013309512336
0.8742088520827841
0.7416894243330066
-0.48761981530327
-0.46990419075725526
0.7832572875858291
0.284803031976212
0.37470596042576104
0.8292113307266755
0.38634613591705735
-0.6010800492299067
0.7138441117736845
-0.029938001455670993
-1.0663618651570208
0.6948892595132556
-0.12238269284173364
0.7289070959208522
-0.4182562804400562
0.503747626048056
-0.27330023811017995
0.2358564881557646
0.4217861315076069
0.21106191932891283
0.621738984199846
-0.12428251620071623
-0.08169136059210658
-0.32586145642224945
-0.22749611853405646
-0.06275047692781928
0.9574776628503353
0.18364609225172857
0.13191096838342078
-0.6551543529654343
-0.41431825490159424
0.9595629180081694
0.2882267548565803
0.7341755703224881
-0.3950416864460572
0.977417102418014
0.32707589698849154
-0.4447698135810612
0.3431826795678089
-0.6098092801242548
-0.0848949687880696
0.5023765134125387
0.37590736355422305
-0.3219657185825032
0.4165227003190479
-0.12745029263511098
-0.2520017564131002
-0.5563425481734368
-1.1910405930007046
0.21078589998809016
0.1267669145018994
-0.8786920391782076
0.09296604346616205
-0.5016460871480999
-1.139888059368399
0.8420875428020497
-0.5631697763011789
0.4318445756453428
-0.19524416493257307
-0.9199805591133648
-0.16973355472846494
-0.1847326447643951
-0.9904157041351833
0.9738834791516062
0.7484326986153438
0.7045802003699649
0.8334224634310885
-0.7241524180122825
0.006354081478568974
-0.43353963843355325
-0.2304944039591768
-0.6613777684911943
0.3363883650877998
-0.8904448765001756
0.10686256088109329
-0.7803475871929066
-0.1942500958392397
-0.728335943181952
-0.633387634906928
-0.07797788317729751
-1.2660115370652367
0.3247647817697018
-0.6255700552250258
-0.10478793022232155
-0.7587757103004136
0.6565562453241921
0.18887389255529224
-0.05433236143083095
0.5906971741130138
0.025527823510009418
-0.13647920205647204
-0.6114212943955843
-0.55098635220611
-0.4958762097299497
-0.6982455990217946
0.8153975316980622
-1.2022142440637058
1.4427944235682761
0.17204177786653352
0.03299620388708385
0.07483816225930212
0.2437458640577171
-0.6960253005377018
0.5231001790348812
-0.32307587647818775
-0.20965392674839547
0.7593190578152818
0.49809811450497943
0.640746812206872
0.3864344208615512
0.8477222826227007
-0.28033280927746235
-0.21031255534248494
0.04486682317400742
-0.6558672282459614
0.6187235690736066
0.6268567223042145
-0.799329079318894
0.9976805251996526
0.47854868327521655
-0.376476136637391
-0.2515745011578413
0.5346313348400927
-0.9306203934614954
-0.12938340692136124
-0.18472476970011537
-0.7500529895733044
0.7051718017994792
-0.25558302507983677
-0.9211319557143185
0.6518707919190462
-0.47080717090328195
0.11180782735072614
-0.8589884857443636
0.46357084592775505
-0.31005661985821975
0.7106195517461322
0.47627732971923864
-0.5003404135976044
-0.651346558379761
-0.21516052227690635
0.566724053692536
-0.2508725856255152
-0.5292294613929825
1.0249488015669663
-0.33667753878466655
0.7289811352669051
0.26738602870122324
0.37618223033740217
-0.18130430813497667
0.22657132160323015
0.6727942057205074
0.6377952174251958
0.7035329041163967
-0.9190327605184113
-0.5091555783699545
0.7072857643609348
-0.6001775376154871
0.055304075845931694
1.3332361902954748
0.6152648773300959
0.7119296359075507
0.7879824763038323
0.9206826907876944
-0.26275539578048945
-0.34600937192355774
-0.18395624956572784
-0.7832092375709688
0.29811437672531405
0.7939894333625865
0.9154127849447018
0.4937028370956769
-0.15329035796102836
-0.9585821907290462
-0.897188163500841
0.09009967925421371
0.9565034197303433
0.7991053820579681
-0.70548377824896
-0.4060912694351368
0.9966707478108987
-1.173131357197868
-1.1410826601665238
-0.6803940682171927
0.5684015565877326
-1.3960089218550182
0.7955361835597693
0.22252984249054636
1.2298537298893641
0.7395285776947396
0.47686307961156593
-0.49210352115595074
0.1218759901550974
1.2891412746451656
-0.2312809604041173
-1.1356648117700527
0.13780528275467227
0.36932779669696164
-1.0394350854230103
-0.8362600691260664
0.8992430135122313
-0.236585567237515
-0.12554649191202913
0.20809381990945938
-0.15542825552631961
-0.9687403588586125
0.6762253520441527
0.41180142090171196
-0.27071488876482286
-0.46225133320564116
-0.5214309605295183
-1.3719096242429822
-0.9571664251960124
-0.0786598434577287
