Type2-2 5579
2.3206231951643037
-4.058531864321103
0.2818458013950924
0.801617316016836
0.013276954957971127
1.8193274134513469
1.1325126920056399
-0.5008623638405604
1.8652153305211823
1.2366626151047653
-1.1666455759748384
-2.7163110949907328
1.7062245951761401
1.8760757907990366
0.13883230765925278
-1.6650143637301356
0.9957769079130633
-0.891249452990696
-1.9997117427482114
-0.0912820452552977
-0.8696276227113156
-0.34045679381331373
-1.5093404264247483
-1.2561238933663552
0.4224865505807135
0.6031581813218411
-1.0986977564103593
2.597481322488128
-0.22898991366052412
-0.1856584044129795
-1.768478924303511
0.395607965909175
-0.41248534205687915
1.0576355854740584
2.5683176622195556
2.804397770522044
0.8942169306097184
0.9458736172856254
-1.566300123084991
-0.9897907543832692
-1.2060288464097049
0.46831974693867817
-1.7021567982794685
1.3196966543444082
-0.34830643629833
-0.5455888102941413
0.08768717876885657
1.1616261067349518
-0.39648160374776026
2.2460793793721994
-0.46948439140471354
0.10305970913392376
-0.772366985572555
0.8091080164276083
2.2295467579173582
-0.31477098821761296
0.20532275899986324
1.2939636970889732
-0.35950447769071947
-0.08954487943162198
-0.6630693915548558
-0.1378882592936341
1.0714220747871641
0.18353457329686457
-0.06572856922892692
0.019433779724565198
1.408799873360428
-1.4684934816295212
-1.3977231055036878
0.7716644245709352
-0.2693035674603713
-0.07597220266324861
0.21637356511931352
1.54228246548692
0.11914964031510783
1.6900501328912172
-0.875081746146182
1.701954036211795
0.8429827890242796
0.5196655969994253
-1.7586207678637351
-1.6108446576742566
-1.2634262184125382
-0.0034796097822440974
0.6466739006048245
0.42560177699883084
-1.1077822100493318
0.4437321482910297
1.046901809546451
1.7354732903990826
1.2582315842318772
-0.7111701624750855
-0.9170590788303183
1.1526288598708647
-1.2985159630455674
-2.1065235245878413
-0.3366180541994476
-0.537632053302698
1.9331994656602722
-0.02521815474345729
1.3689316058443408
0.7972384093173601
1.0019210201114115
-2.824272367193203
1.1877065740906023
-0.3794195657159545
1.3745782280596346
-2.148545904439909
0.7515880540687769
-0.6488596269587651
0.006865586719134731
1.792876897002683
-0.9269924094096453
1.7276776570384453
0.31619969179246754
0.522284819846882
2.562608166157905
0.34582622287930953
-3.1561481595162455
-0.6337576141545034
-1.2687057895889908
0.7315761475532925
-2.3587524341819006
-0.3685450124048703
1.500951620736517
2.7641079593582374
0.7517976085579108
-1.570607285350322
1.3981017096158121
0.17078753355199378
-2.6265585660352215
0.7907290326146327
0.04748741462771629
-0.5885517403892159
0.7928337215507709
0.9626084035548759
1.0400323225348067
0.8621252737669122
1.8065679067170124
0.2139754288801221
0.0045584867532593165
-0.27248537739983786
1.1525528744221498
0.8940862423095319
-0.07466033799418256
-0.9705146455160949
1.6571662398964357
0.5461546385260041
-1.5760591688166765
-1.9734913423476117
1.1985589739857807
0.01635932790295798
-0.019473958044043227
-0.5327607751893453
-0.04643119247867389
0.6451108627476855
-1.6031215733717263
-1.172108197136013
-1.4923626894431756
-1.3121976034912577
1.9979224477589888
1.1870088120640532
0.10982436017447247
-2.786896181066994
0.7621271699447432
-0.6575273382712479
1.2211547748132114
-1.1041753255310987
-1.5101269289738917
-0.4771343330633213
-0.6225283916538189
1.0539866932067128
-0.4372007836172455
1.1660056567883172
-0.4251355472404602
-0.28416489360010283
-1.3740560295809132
-0.5744192216184264
0.2829328538029048
0.2673833226906648
-0.00960855805145658
-0.145043160377914
2.4110677479822997
0.7418632479877612
0.24825064657876064
-1.371099562017402
2.8313027443758965
-0.6328637333927625
1.7945507834305496
-0.20108468187913336
0.5072157940077915
-0.8657435326056692
-1.4022545437864813
-0.16437611500360544
-1.0609640705685044
-2.097331411477215
-1.7648590138269742
-1.8554100114050853
0.013532193387740074
1.2582936497055883
-0.9825984352161429
-0.5207465718837831
-0.7676386775944043
0.7949865936091767
-0.10500860165392223
-0.4427521619149907
0.23919014836125121
0.1016348060701859
-2.0576322770723228
-1.0357502107660164
1.0417391710039148
1.8614815890197158
0.9087543777691287
0.08685290803363144
-0.9731001533865452
-0.27185380120723235
-1.5053853269594266
0.8901294229237564
-0.05756849329340568
-1.489206342895678
2.3609218329521897
1.9784867795638614
-1.8991879891905548
0.954429564274929
0.31007392890399826
-0.4345503583138309
0.6421157154555553
-0.11195134793977934
-0.5679847232827568
-0.48595640842599375
0.5345048527554157
-0.062198555820895715
-0.44213966636053137
2.288510416627844
0.9969125643854713
0.14651203522733508
-0.12538826467659797
-2.824999875738772
1.7643174575212859
0.5322035865712464
0.5509335050554739
1.4313887458415298
-1.4129843802451463
-1.1758674429408917
-0.4341696841565873
0.25901073619314874
1.6662900346916683
0.3120373578003846
-0.3929828689075677
-1.2215907673864814
0.4002941806110399
0.32295757488599147
-0.12419666257881862
-0.02126504197473883
1.8034426138331994
0.755165537630031
-1.634142846774345
-0.5938296117740267
-1.4463593217221478
-0.6065699500505002
-2.3258569247508927
-1.0249753890652915
1.95580289213957
0.16088269088105953
-0.9947662340627127
0.009328317742005404
-0.4756693233540593
-0.7958924140897025
0.8160307540438814
2.3638128526280813
1.0973194620104434
1.7962930209615549
-1.287234275077171
-1.1035895712060295
1.162772923813342
-1.23754138906795
-0.3663437042196865
-0.7383724102407787
0.37688918835024177
-0.14201854389781185
0.7814291710328103
0.9995213818152351
-1.2502992428956714
1.2160180860594227
1.320487343023146
2.5957725713290456
0.49637402739595227
-0.7062139824334885
1.7544084349937654
0.4492625635032463
0.82092060692416
-0.1224806634497678
2.5849137501341146
1.1218762415130907
-0.03208275725218697
-1.6125554210029942
-1.4159014254119906
1.107958846362884
-1.9695521110926426
0.7400411999298355
-0.7881124926359946
0.17330461039578682
-0.4409534243906087
0.9688844038748547
0.9634674318742339
0.05250610982067877
-0.9804937276711585
-0.02023159572102609
1.3292700778652762
-0.9938537666376344
-1.836161657863467
-1.486382551694178
-1.6250835969074977
2.517258678502753
0.6774733483688677
0.30396519477781025
-0.559838666486669
2.766938982140011
0.6864824701079271
-1.4823633316366596
-1.6361039142661338
-1.9760588782652342
-0.07618558005062856
-1.8505655391687366
0.5394401789080032
0.5795739203573763
0.5697207860371201
0.14771941788635723
-0.5738654388682726
0.6357154387504419
-1.063715719495948
-1.784645142417827
-0.7755206148040353
-0.5838231442958189
0.4620748570915844
0.26849658237143686
1.5345501238788615
0.522755371946221
-0.47893037775977
0.7783066964368923
3.1042782231665518
1.012136499960777
-1.2975575488889557
-1.3708423613363894
-0.5646600260746814
1.3220524193316576
-0.15212414812306066
1.4155755581483436
-0.5633368891083808
-0.012808802003140635
1.6772268245400443
1.0151099300329687
-0.7182036416866135
-0.11796930832735844
1.0567329976851056
-1.0890559531976882
1.9879011385821355
1.6024600813805907
1.7435990161401083
1.7390949221534546
-1.2555909014903788
-1.3094113611745721
0.012255508751492485
-0.9803334862661955
1.8774020651202104
-2.551281785822651
-0.385068828731841
0.70796174332236
-1.3238922525801424
0.47089017012611667
-1.950447242525047
0.8454542159128053
2.6457984552213984
2.382357275913055
3.0184775489056
1.117717493463322
0.26491388454518755
4.905850174564108
-1.5065091111857738
-1.4020401860617233
0.08614912664028523
-1.042464946237468
1.1755300918143583
2.1931377821059472
0.2912595011132658
0.7337202178028638
-0.2947113013774918
-0.7156092420177294
0.9921617643438632
0.020940448216795887
-0.1960572713901928
0.05488519384836113
-0.7569140292550379
0.3861463706196442
0.5344727863977606
1.107200232042802
0.19831420416708362
-0.8255433077555892
2.1761448148429925
-0.014847898578633084
-1.1200014535630674
-1.8665957816562426
-0.24895814166823205
-1.8431413851415754
0.9178496348218088
1.6486927617571492
0.41254654041289096
0.9467317947265345
-2.0408401709123627
-1.580962294388239
-1.0123954494284086
0.45893964436194623
0.525730971872632
-0.1762194006170535
-1.1405572767964651
1.0124935932207404
-1.537155268271138
-0.8169021205557034
0.2198750892622155
-0.5996553276972149
-0.4542560769418281
1.0255055209915334
2.2201104321745477
-1.8212900356769892
0.2366018597249249
-0.09943176110077889
0.34513382777293966
0.21153064139815936
2.019505218697106
-1.6892655357871404
-0.7507926991147581
0.16977020963502248
-0.9224216578890451
0.2991852585327947
-0.5978131224567031
-1.421241442665754
-0.04430680002070268
2.4691547685258457
0.7536480968024775
1.841786302308013
1.5375172768357248
0.14917001500032853
-2.316584861769374
2.372626606530634
0.12989496763841984
-1.3912371752263055
0.24505466077228438
0.12121015756668199
-0.6322951381964893
1.4536278227417174
-1.9381474144950577
0.080598441330872
-0.796711944005421
2.143687362234236
-2.349268455449679
0.536205954737222
-0.044890151331496625
-0.016884021112485326
-0.3124360185864475
-0.8201919250465497
-0.14880358375536526
0.7359019076930402
-0.5708878808462625
-2.1575046761179606
0.1304038848483654
-0.14019125950943045
0.08105177584082496
0.16897439863579344
-1.3804026191342746
1.702654427032736
-1.3891792072320621
-0.1500468169971227
-2.19253725712624
0.564393383969253
-0.2513855514913966
-1.7757372497807382
0.8387561348161188
-0.3050178986107547
1.4551633557694739
0.8212357257077391
0.2572493932128445
-0.691286736575428
-0.2073389173483666
0.055369285954966097
-1.793939522633885
0.3251840805607292
1.4826842543736494
0.8471260914304238
-1.50999421288798
-0.07784690930122273
-1.0776278095358354
-0.1792350807896385
-0.24346755257498787
0.488636385348253
0.8289241678817867
0.08342997357975412
1.0279874550531127
-0.40479621785024134
-0.18302504018932092
-0.7144113672514694
-0.47250283521035336
-0.5662381089135952
-0.4210156714721488
-0.4244643368063817
0.5174644603647381
0.12739467577309452
-0.019027552010502463
-0.8268810289289097
0.16468384041070683
0.2892520461509221
-0.9572992395324466
0.7792297216901524
-1.0020338684820862
1.5814881680091621
-0.2507686897764559
0.8957056090460286
0.19651497489263917
-0.11498273427766921
0.7487292496774717
-0.778325265661049
-1.0559562097813842
0.5749858832738552
0.2842946535070192
-0.6212158672316028
-1.38778061251817
-0.37296964966543394
-0.6710712039353569
0.0999540220276921
1.0141931754840754
-0.9093370776481946
-0.1050893587772777
-0.8228415260976213
-0.7033675967995692
0.3650660662419903
-0.5309501205182802
-0.31811662142759695
-0.5312812092672652
-1.133822296694541
-0.06320389188087047
-0.2973112851148635
-1.1840595476279874
-0.15696434416004112
0.46845059385352755
-0.8014832919092371
0.2557897913472398
-0.47726313579029983
-0.6872914159729933
0.43408604514168214
0.0419120201392279
-0.0906614977535423
-0.36018408229501475
-0.6235182722778979
-0.7908862816179519
0.21900156837611517
-0.6439991069799106
0.04913956810623729
0.558957637603521
-0.011359383643538251
0.2133483830962967
-1.246136339984199
-0.5397606347843389
-0.11053300801021562
-0.972617770933126
-0.23647645193052227
0.3192128788768355
0.2169858903797719
-0.9512873104901232
-0.7662041999314209
0.49833472326420003
1.012705389448796
0.7004381017026479
-0.20903390343074976
0.4079142642540466
0.9269942927060899
-0.635292892352646
-0.863732547723116
-1.1507357330437535
-1.3321906382499946
-0.44427197680524855
-0.3063797857211744
-0.8157751468254612
-0.28824073114410625
1.0007607171545243
-0.8327598953246554
1.848743645989197
-0.10795661421345742
-3.4078160490746012
0.4141519859249706
0.5736593156216998
-1.4390496704668725
1.4913757567038077
1.4058851541921082
1.0897882487454218
-0.15769324318774564
-0.9692410409095519
0.6399629871539496
0.8199094615969182
0.6041102295720058
-2.0452332395103143
0.6882182146464927
2.03027483496354
0.470764539135219
-1.4971395464816708
0.09122677121944292
-0.7284458454241992
-1.315530829174099
0.17362898875266466
0.37278603607931293
-0.7766531148762099
-0.8948484382050308
-0.8143899425685239
-0.6178973744175622
0.1213491685564615
-0.004422033672001543
0.11196763218469918
0.938051521880698
0.2091259513373372
0.790110633189672
-0.5458265778205313
-0.6346552474100536
0.7418184836586803
-0.4264763082656059
0.5989494040125869
-1.260900590395093
-2.400607965340206
