25 3423
-0.10338697773127084
-0.4695031493465648
0.10288296291065954
-1.7736381425127834
-0.900695733749483
-0.24716928905512175
1.3190288515897646
0.9272110854558538
-0.44232531105946693
-0.3591227438928394
0.6550452097564832
0.7048957540486678
-1.2805019858634101
0.4431966765393777
-1.0571245179498718
0.5940400763944501
0.4603855480096057
-0.43844821076700313
-0.3638433773820271
-1.2237958127936854
0.7414330560979392
0.2645859926310581
-0.9530287043599381
-0.16689745217453744
-0.25738585984677714
0.2829385544689178
-0.5984582406495326
-0.15657366291263358
0.8124722778262565
1.3479897504566278
-0.578215950006493
-0.5131916779806964
-0.6734187825784882
0.9585048363148898
-0.9129488439596619
0.7482398176402767
-0.6908953294521865
-0.4483493765453609
0.3788825841776322
-0.25904592010241845
0.23858709865356326
0.8824141950731601
0.02214648375331639
0.22860055252043113
0.1738300696235398
-0.9051257631333599
-0.2357139523331133
-0.07493166839519527
1.2901060933879314
-0.17602961066739076
0.19466396997820604
-0.053823619971984205
1.098939020942988
1.0459629540140476
-0.30576812047723295
0.5741722145626531
0.11801534920749493
-0.725079155506579
-0.08125064024538081
-0.766504816157946
0.2740064059384805
-0.6450144522408456
0.18609558126461004
-0.3471079662758862
-0.14355361179098897
0.49592481451488396
-0.4257824847159501
-1.008344911662053
-0.04948525236750241
-0.03944843194803299
0.6349178008999159
-1.2370641848462303
0.4430615800147442
0.5450509129026485
-0.6761830661778492
-1.2338527288162169
0.7264847887605276
1.4235169029476338
0.32603151897446614
-0.10025852343789918
-0.853651737353041
-0.9187016313718538
-0.7084003211333832
-0.7404485666749875
0.5300007036749581
0.3980396470073909
-0.6984599936474352
0.8478473674564337
-0.9148607027214535
0.36237022993901413
1.372622504833921
-0.11592241832239575
-0.17300264812195884
-0.26150384756458195
-0.2295161954984498
-0.8903801021284479
-0.5270042683549876
-0.3087397744106649
2.207391781073564
-0.30254791640361134
0.40954834549066255
-0.455250223234573
0.6696682175819713
0.07997706599478599
0.30905848297756855
0.1704795725747932
0.2592352830120018
0.5639339627150383
-0.20302578432821825
-1.1653257493819291
-0.678705297807632
-0.3778268569037304
0.6752286542498408
-0.5738448741906563
0.3781639286203732
-0.7913356312367921
0.786123977549984
0.26219411879849713
0.9304651535584545
0.49177338296383516
0.9127306351759135
-0.9813644869264683
-0.26814398631666503
0.9491721275808078
0.08656737192794348
0.1414089311036039
0.5024920961598957
-0.8666706326713645
0.2400213208715047
-1.345520460208128
-0.0617328972168726
0.15798691582064744
0.3840000795128784
0.8013529132326407
0.8671181006833072
0.9352190943494291
0.7402768636116848
0.4741569272363054
-1.7689564069678285
-1.2713430146232312
0.3982243751505002
-0.3171990405455053
-1.1303522205052072
-0.024236678287403945
-0.09508406252934876
-0.5752394312695004
0.4519679911711779
-0.977446330422666
0.27551377305975844
0.8553380313367105
0.22076008560551758
0.9815196752162583
-0.6940635913377373
1.1189119988118523
-0.5948482982700367
-1.4778065389910935
-0.6129607012023205
