21 3494
0.29345968572428616
-1.4011016913043943
-1.0616586403108286
-1.7097275864276924
-0.3481446179331983
-0.25953297986828233
1.2773075480104725
1.0698951165279587
-0.9858987403280243
0.011591800783010253
1.2026387623885908
0.9771505647106599
-1.576136998631651
0.8683448693841366
-1.591214356806581
0.8993467147717419
0.3659098863854334
-0.2833048021327954
-0.021099228638350453
-1.7003086095212803
0.04104497622698566
-0.05550362595781039
-0.9692561730779938
0.13124308330600246
-0.4112871078399917
0.08073191453787006
-0.10089312160200715
0.5418582238586738
0.5347013944724471
1.910768135409863
-0.3032510051158128
-1.1278351522338566
-1.3688198313620932
-0.3201476989473845
-1.0532040972679892
1.3746269333407113
-0.8006130501860164
-0.7820312614370016
-0.3468077116313879
-1.349784840520401
-0.07606737160530959
-0.3800555101836839
1.3102261094327297
1.1351339936822464
1.0194299896167764
-1.3976913083505578
-0.8720530944602988
0.8325243935581039
-1.331641090322038
-0.16152724001409088
0.5622509601151571
-0.5850019144917634
-0.7496905787072636
-0.6618835561996077
-0.34995041335509
0.30973615739233346
0.6451342831805553
-1.370970936300337
0.5039304180324614
1.9227234291200435
-0.1982047193355949
-0.5764095180327041
0.7245911915758828
-0.08749475042008714
1.1088523991004287
-0.9625330260121822
-0.6056159468275776
-1.0976185213743377
0.17827954289876405
-0.13846768251124064
-0.9955232436247623
0.38495774292892365
-1.3393900278057231
-1.587397416063117
-0.23137928958588003
-0.6110618102805528
-0.27892464471673206
-0.060678425202096486
-0.4385056971763396
-0.49232188325479465
0.06698154982984478
-0.10022811584988303
0.4705020386646494
-0.3095890876523203
-0.9740630003335482
-0.3749419809921899
0.9019204240562587
3.6609959691907834E-4
-0.450664012584403
0.3132857449931647
0.8465154055952016
-0.31267510231253226
0.7873446140159234
-0.44487952094534966
0.2749070375933652
-0.2382558652409522
-0.44275915023273393
-1.1161291134540041
0.42686861468777015
0.6906651833705144
-0.04117520566589164
1.3379622090719687
0.17053707323002712
1.2159966686380228
0.4863989571808292
-0.45454971988806187
0.7365058139480153
0.7415227731699882
-0.8475919070014263
-0.6991585240818236
0.8616466385241413
-0.4615325106761856
-0.5538595276542572
-0.09354905649605405
-0.3371519933866347
-1.0117403493239523
0.4455766687377487
0.5858366911962103
-0.08742420097624426
0.716782356933239
-0.314227851871858
0.06287504911664665
0.3684774934967646
-0.39787819192454876
0.10635787522425932
0.510157937179295
-1.1496407654996528
0.18928709757098128
0.07466029790224127
0.3905003448345581
1.148241968857011
-0.4883723508756721
0.1455599327921268
0.5823781192953709
0.8666990312522442
-0.1840493065833069
-1.0498303637053163
0.10106928251452826
0.0714348839234436
0.3784307086594386
-0.3854764629133437
-1.0936665954095275
-0.8954493235637735
-0.8183380757739159
-0.2732276252553051
-0.6335473652993118
-0.6276462308345243
1.0219127399164936
0.39784838974052983
0.8022659501689273
0.17715072333947712
-0.380438944749836
-0.5855271278475753
-0.7846198060871625
0.6815183816421589
0.47836332080005045
-0.14475916532390423
