27 3450
0.10668856310220506
-0.6201284125029183
0.12295881980489451
-1.7105328666964554
-0.7110305929571092
0.2587944673342209
1.215894561848126
1.04458883407377
-0.6520430478887429
-0.6164168656966122
1.750769651445584
1.355941903862254
-1.1141128620319471
0.5971387116526089
-0.910762283623284
0.6171249812261779
0.779780830714609
-0.6536231320881871
-0.48812804771335405
-1.6876935666752166
-0.7166478617446304
0.7644350108372948
-0.8229690112186376
-0.19913498422716835
0.24610071799919458
-1.2782035961577167
0.4321203184455004
0.07090218316285549
-0.04888494962135906
-0.08652127387484695
0.7407148865167424
-0.2922806721203911
-1.3697059434107106
-0.1438142281996893
0.9144044011089398
0.4838416355637995
-0.5512496327498233
-0.49436795755484786
-0.22553287044063275
0.8548410899358266
-0.31009996405379286
0.20465083230875425
0.11276567997068501
-0.6897828958442201
-0.46834788873440203
1.0114347876420156
-0.33638328179366095
0.7899597755845909
-0.8828012941856347
0.4593748680697737
0.48623598834031423
-0.984422907588878
-0.0948578733609437
-0.4821592629502789
0.8780675046440737
1.3233232637180459
-0.8653225837603271
-0.2881033884574613
-0.45056823799116086
-0.606517531864444
0.7675494243224027
-1.2790483347629207
0.9359254239166962
0.68605879281993
0.23453988571906362
0.4399992631571785
-0.056759193552612774
-0.2683908569946726
0.34822233057170937
-0.027800925448118505
0.772053891029853
-0.7675009732496962
0.4317759387242892
-0.36494338038424856
-0.3463334743919522
-0.1074507876954208
0.5162993380145562
0.5842109934008617
-0.31931070383967114
0.18997757852559957
1.7345524358015156
-0.28206645711720035
1.3121549124284546
-0.3067304436666684
-0.6877898685923285
-0.5225192418994623
0.17451558549102208
-1.4516871982074309
-0.5830444541526603
0.04118022157225787
-1.03463623602256
0.8451212543937522
-1.7289479838517239
-0.30473357990117755
-0.45168601476694814
-0.16457162892916036
-0.8928350762739723
-0.6770091291373568
1.6643810539419275
-0.34997517048795146
-0.08533573272828693
0.48794690999434354
-0.330649736710235
-1.5655492154684303
0.7186081814302889
-1.576352325315806
0.8117145556076272
-1.0219545110578285
1.4790591344107902
-0.619532595912675
0.7571634284433278
-0.4286470597905526
0.11830021859041948
0.45213887273417186
-0.5240771488319156
-1.0795851205963887
0.44517732110056735
0.870822711203933
0.029968115575388518
0.5675984905012857
-0.38180426913201915
0.8863967515314584
-0.1501981714809201
-0.7000718680854183
0.97834450274
-0.6198949743268126
1.0140339694105212
-0.4236138916024552
0.5942209320273806
-0.4671326068378889
-0.6762323335009437
0.013200698834004543
0.3498909933631621
-0.3975012297124989
0.7768478202268135
0.4900244469331696
0.6819637081414952
-0.32414702359746533
-1.5758949816798746
-1.1736600641359467
0.4666945356460055
-0.6283729972520112
-1.4239833967073456
0.4897905104462348
-0.5023135091158057
-0.6235815132068568
0.4741794201471964
-0.15616879735288203
0.4627046493892179
1.2101352307930064
-0.035367436259442
1.4947418543941364
-0.7446534352412437
1.1936163096890429
-0.5837677804062484
-1.1228911328388667
0.20369337303849955
