maurice2 354
-0.6106342277772281
1.1401076899283198
-0.30927118353903604
-0.683696773727885
-1.0246376050918506
0.4699607027897185
-0.3647503235231751
0.9479722634657313
-0.17220661041062932
-0.13491056522812722
-0.12409607859412736
-0.13825808294126857
-1.10383371282651
0.8080255432649324
-0.47548601684431663
0.25850788170010497
0.5555527642137339
-0.5266028451748648
-0.5320238254735606
-0.7332406734534003
0.036111188390555396
-0.1383119104431876
0.5239417446793782
0.08335983890088938
0.2581796457198327
-0.3266946302537881
-0.3876167771481829
-0.2570097921749074
0.251529015018576
-0.5038067461961522
-0.6723049952202531
0.6501177203374027
-0.933207916894096
-0.17612885030631925
0.7948687759234441
-0.11599721339949379
0.20345597429732204
2.544793283438193
-0.7324948564041905
0.6330806139636128
0.7451428276833533
-0.5967086177005447
2.2076109845038863
0.149118993857046
0.8063779038927423
-0.002986730553684286
-0.6460685411089291
-0.13807913876332714
0.3324469320322012
-1.9625313164125893
0.07033883238738953
0.1329227381355789
-0.19286597331432478
0.6508462272927139
0.8280330435303487
0.9396402902205127
0.8485886093909374
0.49240627213578175
1.334307183420338
0.2877631452032873
0.34886203363049817
-0.6962111911608964
-0.5860318452007417
-0.8562620709814921
1.8329227693881294
0.2600920578268196
-0.18173273447443863
0.2286960657037155
-0.8476794797561737
2.020965429826992
1.9176523100625036
0.03643517951371432
0.2622408445292921
-1.0502476842955557
-0.12903377335998156
-0.7865905107074632
-0.060181738410503685
-0.19662318219239827
-0.3292494949076629
0.032008797900056646
-0.6710337032933538
1.1091530830951373
-1.8382781147820786
-1.3061742423629905
-0.32726393397110415
-1.11696596368553
-0.05019476083133578
-0.2621960986633929
-0.6902718662709831
0.9691069369382096
-0.865239156854576
-0.0454248410033197
0.4736679224265573
0.8479530560888223
0.2647633806386562
-0.6148170838971332
0.0710649857015046
-0.2287113547043451
0.44021118520107294
-1.0255211856345448
-0.582823089816042
0.49597051283514243
1.1791009503478675
0.7543751448602815
0.7060427644552891
-0.6932858513457855
0.7573394194603336
-0.027630304558976537
-0.47888671980105096
1.012178753569694
1.3990058327556336
0.20370649055003281
0.481209818715849
-0.7575345290902133
0.9779850399755002
-0.152377500256262
-0.12747479591330307
-0.3572351693997067
0.5839047765877159
-0.36441037433136875
-0.8105031494320946
-0.03365254325234805
-0.7830959765614692
0.8567102726061069
1.1311460394038295
1.233346370165982
0.8259122584591891
0.08216629631147776
-0.8894134308085262
-0.729532111606292
-0.1629634789565485
-0.019662141517046067
1.1810263689254512
-0.9291869877550067
0.6488009474217374
0.35966945987444027
0.6309418559624564
0.8523697264695513
-0.12882153959288262
-0.5067600818840361
0.9834942955097834
1.3288847207610048
0.9081001844739734
0.5087465661162538
0.22619567250436046
-0.38007300218697226
0.44578272587937934
-0.11911521361307498
-0.41654822895199584
0.6926123012169156
-0.19310023743587007
-0.8773867905242491
0.18894755868347968
-0.06957387050868927
0.535276107314795
1.3360817831793006
