21 5246
0.4563578755183602
-0.21504079171770296
0.538973464798229
-0.4489835716451367
0.9138056181254481
0.3723264731723227
1.2511170799785132
-0.46786925304874166
0.01414133476259144
-0.05820119081912811
0.0794920367767584
-0.19605896459328084
-1.5634003216704415
2.468131101695663
-0.14125828606943278
-0.4744409379583294
-0.02293786701222933
1.7920869582486485
1.7679068688984936
-0.2166017011307045
-0.15661586311789638
-0.254762602119727
-0.03975163617530998
0.3949126443821414
0.49471098751252895
-1.3031871349763609
-0.6549470033776212
-2.106785101276284
-0.5215178694066832
0.7002340112888545
1.5357552912871395
1.118409440619392
-1.0256080434905013
-1.6641790245097572
0.28378082022764695
-0.07711578825243418
-1.5991254754517765
-0.8686067888425009
0.02057992049162773
0.021315677714724646
-1.3507749756366407
-0.41068158813120614
-0.3396246730264375
0.0934795873289273
0.16062206008227287
0.16519279682333401
-0.6890905620998795
-0.4767102094526841
0.9398699714373102
-0.33947106636345986
0.03466230657063485
-0.2613381451783829
-1.2958852640439713
-0.5321212601536035
0.06857774831585278
-0.7732545513424696
-1.1949752536633511
0.4292002038232678
0.26162082599618447
-0.7261431127486166
-0.4527274077760621
0.9536493573192267
-0.4765733631353449
-1.222913641816408
2.2133523471982905
-0.44812330207807066
0.17501291165129162
-1.3628644776926293
0.27684976547898843
-0.28131052128296025
-0.8823041925744375
1.0206636216747935
-0.4504379048628695
-1.0373884251021137
0.34812241722982384
0.3483780914236433
-0.6662028224699874
0.6954541911992506
0.21769200148367515
-1.2316415885762233
-0.1681092005770516
-0.45666558358837583
-1.299890914920189
-0.6224468770805575
-0.7628571501765258
-0.6384153480769597
0.7630407927734413
-1.4846188565308176
-1.7472171480920782
1.079346695299376
-0.42145506741751226
1.037401307261189
0.26562987187712167
-0.4428248389427545
0.3009435708281413
0.6167475431532623
0.6656577729687505
-0.4622666680905829
0.28338895935999187
-2.001833512787411
0.11733332811684694
-0.41093126827207016
0.06475860942851858
0.9657389838733217
0.025167225206490562
0.35447569962168957
0.34932605327354316
-0.7427707941223769
0.6708536116080613
-1.3396336865791125
-1.49779804035602
-1.3877435757026355
2.4039036510898075
-1.522467613730544
-0.09423811629438596
-1.6813812207503218
-1.7278010104260262
0.8057105465376425
-2.539062905448431
0.7486952179215612
-0.22715420475632134
0.013372625852886906
0.4775475703824136
1.3643253001653153
0.5917219977327021
0.3225919427064006
1.7443597827041415
2.7528759236931117
-1.6330869177554597
0.9583879634140247
-1.2156849717092315
-1.0527825426940292
0.04497615890953516
-1.0293536353602493
-0.39950285247307066
-0.07971200479680143
0.064031641951
-1.2785792712313018
0.7828760530389521
0.24019904358234834
-0.5222557465967994
1.3638796109271218
-0.31935550118180145
-0.4377752099930187
-0.3564881232873921
0.7581163005379008
-2.3208873581189473
1.6457791320857214
-0.9937769314008236
-1.0633229358943255
-0.3692788803860863
0.2886579681684327
-0.5005288345332842
-1.195872993984454
-0.4784945843535345
0.5060029011419027
-0.48087573585395127
