18 3038
-0.5165209770834877
0.7322230729418997
-0.25997744173019866
0.026570813880112454
-1.1870186894084576
-0.9475233020470045
0.7077176053876887
-1.172125495253066
0.20472476004825288
-1.1487415692293068
-0.37050589508574494
0.32975829726319966
-0.8773186521716182
1.1187280940604414
-0.34725754723925023
0.38317951132392136
-0.09035878992626278
-0.7224577456659967
0.4581104426885288
-0.9527340185045707
0.5327470099815584
0.17480423647046361
-1.0799818329841628
-0.15839148945478504
0.6696045330379664
-0.7084263105685185
-1.0168875344609398
-0.275114437509952
-0.25100147651380134
-0.6796806117790994
-1.010281792050426
-0.6473242353767493
0.8739370791596914
-0.7933389642699853
0.3525814921828827
-0.22158932927713446
0.6451998459993639
1.5812209942763151
-0.7951715569187976
-0.5102940552845096
-0.26066900013965233
-0.8158564898343413
0.8144950003882059
0.7372331643044991
0.43595316784053934
-1.0481729505441273
-1.0802421745204889
0.8966348215544488
-0.6692112411761325
-0.4860754034835232
0.5664349619326512
-0.4405038883136141
-0.3384476461429739
-0.6026412039133014
0.15516222310328578
0.30973615739233346
0.8058547300965021
-1.3887264959869627
0.7114317517609268
1.9150390614840371
-0.08233709134782621
-0.10038462868226117
0.7901653497048778
0.11081522334317988
1.1565842918818625
-1.1822708352097047
-0.8145261922559706
-0.9119527240581772
-0.17147576061124437
-0.3198319512161015
-0.7377358949948023
-0.028613060068192087
-0.7321096877921054
-1.2915844461583332
-0.17441636046765624
-0.8272729392118974
-0.5179158916232203
0.23471832779730278
-0.9253227626471675
0.035936425634673794
-0.25003312180018805
0.08910355455256674
0.36723162178627566
-0.6480408319307968
-0.7862634379574676
0.48870197967446827
0.5006302903787931
-0.31659989681487233
-0.4646625633315391
0.24097572096609557
0.7983008986051551
-0.025851831573650064
0.4270143719578906
-0.38740434499358256
-0.18810144799248052
-0.33812902603068784
-0.5125424239071161
-0.9971332185660997
0.22115449508358884
0.8717716091098765
-0.326669913914686
1.0552224054738193
0.023339174511418634
0.9835475501817434
0.5498138359128945
-0.7348320885106855
0.19277249702164126
0.39496159082475446
-0.42357214188433745
-0.61324744424753
-0.3104397915394364
-0.49008685592441525
0.07471078459734964
-0.5634993920774671
0.4279760171561361
-0.5048271409728272
0.9145131585975252
0.5880787874731848
1.0636600734429127
0.16259675329367917
0.7334044465263734
-1.2825502958312194
-0.14429307470634173
0.868756605377816
0.2515435845880951
-0.06782946860022264
-0.5924859864674039
0.7833787616731855
0.8548348437586122
0.5015876396018079
0.33367015052913707
-0.07057705825890379
-0.39446727751399857
0.029702113892864146
0.24510081259270322
0.8880053944447641
0.5045325162083673
-0.8296694088483767
-0.8696450192134877
-0.10025329862864879
0.3206032173498108
0.7713294333864721
-0.18510963023727617
0.9984481000419863
-0.4774864828200846
-0.421330157801978
0.7152094601817024
-1.101131025716373
0.0441944700751018
0.4181171176923557
0.7294908355599868
-0.4434036805899224
0.26069866513271567
0.8821820633341706
-0.8671207513665232
-0.8516310290393266
-0.6137700776673113
