30 2045
-0.05733521389471549
-0.4055556066839655
-0.8040635192424754
-1.6755985632437136
-0.4585857980908488
0.32032789257731964
0.6788364034337195
1.1158664861159866
0.05009252267142327
1.1602075933991594
1.2315837702224326
1.2499954020183166
-1.3651206891619811
1.269891016260201
-0.7528310950168853
0.4651737407149782
-0.34718130701516875
-0.7158287390039876
0.1777507719749442
-0.990195265137134
-0.04809227492929011
0.623731464291961
-0.23365922960138827
0.12229835461108832
-0.8293557271115295
-0.06261954825557314
0.8845197498464568
-0.35165225336609796
0.4294020884040863
0.3066309474020638
0.5473794509003213
0.4419684941082128
-0.29516109582179406
-0.5048264373395053
1.0069151354414472
-1.186105170791433
1.0819359016534158
0.19802945108317724
0.5226465169596655
1.4495609548029476
-0.27540735915515696
0.17775089265827704
1.2162068634852135
-0.03626253425279868
0.5348035834337943
0.5534286925073777
-0.6971167401893356
0.605993384322318
-0.17249858062437573
1.3404142309871825
-0.27206729525187856
0.8294034756218773
-1.0762642064741914
-0.023169710209681837
-0.09444762289055658
-0.1485990227008491
-0.07449803694444815
-2.419641310979239
-1.1585086467134216
1.047172107649101
1.091686309054353
0.626864736278437
0.8983318977033007
2.1556873582284006
1.4217642675787145
0.8734767621866233
1.3923115438820062
0.1528652388064154
-0.7741571532599656
0.1428045985750718
-1.0082204237556127
-0.4618220976276557
-0.7146147446506155
-0.0996700644231013
0.62268413644357
0.718469513218629
1.1196317314599868
-0.21558885085347484
-1.2842205089712577
-0.10207299395916634
-0.030091411789052447
-0.05217004450597651
-0.23148234582906904
0.6384672055289861
0.062288698698046596
0.434159613690357
-0.3871786408578533
1.8958840334058717
0.02009083044654633
-1.1402727722844506
-0.7067408783416419
-0.6124709265522743
0.7612328940378649
0.015545347242549037
-1.6691211607961514
0.1741510346310324
-0.6768929414599136
0.45155545290228266
0.565597731997436
-0.1966927283718089
0.18627593585671956
0.2960685413961997
-0.595558234730309
-1.9511659961915582
0.40622507871192626
-1.011167437911709
0.8336176189133038
-0.4627975779861381
0.10394575667428199
-0.8171842152987796
0.6783684668839668
0.09215553841325261
-0.4952379248634501
0.3924992313266725
0.34939581896891747
-0.7278106124300207
0.43093334894476976
0.8801223407207113
0.23330488608150896
0.4431187486591103
-0.5775791778613115
0.7740526834965857
0.14279085594447494
-0.6514360439780585
-0.08256052488189056
-1.140673078227695
-0.09347459394677288
-0.909756511479749
0.8862579857651364
0.059682365895012524
-0.7781512425425259
0.030041073942882024
0.5210111780459654
-0.39285071349715495
-0.5357105231562789
0.4437827007181339
1.0697822829842287
-0.5433491277461123
-0.03416026028336877
-0.01966900966796578
0.08130688428703542
0.40063263275315036
0.24649322850895564
0.791753130676159
-0.9782939021701718
0.4433098905000742
-0.6981976130982681
-0.19209227992416172
-0.5960943389339184
-0.4803617599763859
0.9553243112947993
-0.2908079876592964
0.7729097777901233
-0.8276256499710952
1.3813733194404902
-0.6655873181833631
1.11981165958163
