23 2421
0.4254557240141093
-1.0392510104913815
-0.8887247940665253
-1.6876830088844679
-0.9151759111766551
-0.023872949980215913
1.3495899439661971
1.2467864507118551
-0.8186462701375645
-0.20440576565724541
0.6221726874142837
0.6358989366699335
-1.3630686908047296
0.3418256082055759
-1.0740769854350805
0.29287546770512946
0.4772407823756025
-0.6198799101901412
0.3040323781284182
-1.2344301283833161
-0.03982878418609656
0.1316141573336239
-0.8741085870869525
-0.06716316557603662
-0.5827531476169879
-0.062227551609262716
0.0636060115515894
-0.42458112804274206
1.0301434320631988
0.19664231199572826
0.7040747412578809
-0.44387113765930214
-0.47766598967004015
-0.9498012185761284
1.1129856248293464
-1.2788982424022832
0.11513031063304388
0.8757952865768394
-1.1976136951818743
1.0090360035273154
-0.2507714192552966
0.10460424671930689
0.7774717681546157
-0.20309176094252812
-0.18503827577236998
0.5197593858470161
0.830070535621793
0.8875256400419479
-0.46579670251869254
-1.5594091729925341
-0.4036359527881709
-0.21547028886913142
-0.3899923908853924
1.1559704193703424
-0.7627423330433927
0.3599409908122536
-0.22059670047774563
-0.36325899471348366
0.35943571739231456
-0.7235931696566356
0.16420212887560984
1.2527126512692297
-0.4787284829263154
-0.024952370424549897
0.6550058804845926
-0.10598454464799217
-0.25243489389694435
-0.218978529553111
0.4367690101173465
-1.573922239521375
0.7689339965234507
0.9479259360321535
-0.1708306377753447
0.02333894669096559
-0.5017083412131895
-0.8414976085370908
0.2930352965306625
0.16240657337615827
0.9490074406953354
-0.3198501782396866
-0.4686439408154618
-0.01614137594181208
-0.23140249824864495
0.6384672055289861
-0.26876346482168323
-0.0610966651411408
-0.3871786408578533
2.463122076273486
0.18857844299993953
-1.527400694126853
-0.5522643171977741
-0.937326134422793
0.7202510139243672
0.46079994635770233
-1.6675003905345722
0.5280664386113407
-0.5850726166701544
0.4629205049725651
1.0347131187377858
-0.35686338987867394
0.12717279071551327
-0.05629148911188317
-0.6287848083521126
-1.534516119142453
0.3501637067701622
-0.7133319925848951
1.0604930900034089
-0.5836792978925383
0.7718646181807359
-0.9486371579738203
0.34587295405562246
-0.6979829630953788
-0.32816932693109746
0.3924992313266725
-0.039638741300320496
-0.8326400019682103
0.8455545254086005
0.8239361919337844
0.21627816846096018
0.5720271001788964
-0.38606492459101693
1.1449856493246382
-0.26703961319035774
-0.5651050775533973
0.31361600623617303
-1.0840086970346567
0.29663399403130986
-0.6791501206421915
0.9979937987791866
0.0018940466355427885
-0.49529604584703457
-0.22429960435771593
0.6137549720821842
-0.43677797227910153
1.0629391733856297
1.0752806079451689
0.518557390128624
-0.2291855045995333
-1.6244502812193342
-1.3128303641757157
0.28833571372839195
-0.2668611674803917
-1.2425764043006586
0.25497959979000395
-0.156295509141251
-0.49985753805829564
0.4006274255393442
-0.12652614141173618
0.0962882187016209
0.5549032755437866
-0.11829789501598553
1.1734422591611464
-0.4074511422882083
0.23021219213805588
-0.06692134036167036
0.201474402277066
-0.15357885317436346
