9 4730
-1.2532921304847489
0.08204665885807061
0.8466244666639536
0.10245896506646211
-0.4852670286693296
0.18367224148407313
0.8945811015369719
1.0687009206373215
1.7437750196152377
-0.5340516005474765
-0.28834787889762936
0.8230248936021344
-0.8288896517072131
0.9028892662198913
0.503399878174297
-2.20244497067358
1.1936181867165472
0.8626476058304036
2.3331897012853124
0.20335601389033148
0.39816075652278937
-1.5719419644845494
0.03236342475955951
0.7205883346988129
0.24231135888414163
-0.6173067375158214
-0.8734246422641041
-1.6995616804009164
0.2848623623735994
0.5242800411566249
0.8735361873208061
0.3142861336817813
-0.4809530788660141
-0.7834080981765192
-0.06037403400366548
0.6034160625649586
-1.5890871355607294
-0.636907615672104
-0.4322259540097103
-0.5511832820227615
-1.113979784925803
-1.4373000070604875
-0.2973469452840975
-0.5592033644473852
-0.3971375104907934
0.03253878447875652
0.34419048723758183
-0.2321680009825297
-0.6884079260912523
-0.06693700187845014
2.373074382863605
-1.1273398658066085
-0.30229243770479136
-1.3966504964892505
-0.44223624201467826
-0.6203211485319567
-0.7356379597180784
0.08160748591409081
0.42639319492196026
-0.11544370012091931
0.15113663773315184
0.5758980842120289
0.8261540340974446
0.2637404715146269
1.116712171446728
0.16594595925659827
-0.010302600440813103
-0.8693956217722653
0.4383832167966337
1.2023934762471176
0.020270264091929224
0.6403505523907772
0.095336936362413
1.6239693125023078
1.5579469875203251
0.3740561849450759
-1.1346699690549342
1.7848910184364004
1.2645359732123027
0.5628219264789205
-0.3402003545756352
1.111709270232984
-0.35015674328840674
-0.032500267101713554
-0.25756036264476934
0.029512026840825573
1.2732197578671012
-0.8866521183316516
-1.5995735161902684
-0.47820261129097796
-0.7434999885181997
1.1139275145254226
1.1402435868363507
0.3469267495691552
0.8408459768475742
-0.3958656425107112
0.33995375901051667
-0.660166457239149
1.107484249563362
-1.2709238956299362
0.7801910634392838
0.9176277132423367
0.257781664876874
0.9228699977238871
-0.7192974365828853
0.7995140827408167
0.9161775750633365
-0.6067554362564525
-0.8975140638091549
0.20196957030437046
0.56363002676163
-0.26501775285322876
-0.32589808518659424
0.8447302673427332
0.36598767133226173
0.26753962717845164
-0.34925736116357353
-1.1678127233631639
-0.8744426332379253
0.43292798239001246
1.3342352534987034
0.12027721313706485
-0.7146617091701384
0.4205155953011482
0.4896203194502914
0.26316550101999525
0.47759380405581187
-0.45313178397356974
-1.3276613394865744
0.6417238681136842
0.09802052708256553
-0.5404258414588022
0.41600267462758417
-0.8617395775453738
0.280836465556497
-0.624768902160091
-0.13515162054018645
-1.0894446401711753
0.1259257269063964
0.04650124918042098
-0.8646741444986158
0.9488208318309187
0.27919609858254335
-0.2767246743767615
-0.7028081278259299
0.8444527239520101
-1.6552885598813862
0.8493324015282506
-0.8177932543367589
-0.9247121936388495
-0.30975038574271174
0.18455341582997106
-0.7156418523368301
-0.5404531614886161
-0.03572080823839269
1.130124180227765
-0.2329842436147685
