robob9 29850
-1.1045630266775772
1.9508769831329944
-0.12172514744702433
-1.2401627650575906
1.5710246463815187
-0.1995674758501699
-2.3828843557654706
-1.5793472220334812
-0.7648381023116138
-0.3824642466887723
-1.7769625617484126
-0.556102548330147
-1.0545602632129938
0.47864627581706565
-0.2683262985740629
-2.0460078624008355
-1.2407314682155142
0.13999030770889653
1.4329760435460779
-0.45922763585641224
1.6312846699170023
-0.004998542888484649
-1.8486936392730315
-1.6732921063112287
-3.0922679304379765
0.9745417981274686
-0.6350729531752068
-0.22392939268681825
-1.027527440657019
1.6505782139636378
1.0360629418846514
1.9685915979698467
-1.079045050847482
1.4933806571830386
-0.8057753252680432
-1.6329220291859647
-0.7425681717994963
0.027468866956830207
-0.4402841892665248
-1.6762345899101918
2.5564333830096646
0.03829969871142057
-1.0500437009957824
0.056119826152015995
1.113856891220682
-0.9498419757372618
-0.6976224254015563
2.1076413693418568
0.15368586302113824
-0.4895705928392158
-0.7236889160351523
3.234908288987462
-1.942231608141858
1.3543903975941642
-0.08313742638646496
-1.60427428899016
-2.1112509261803933
0.24546852988701984
-1.7958630655371521
0.01664654772060492
-0.4966687042599381
-1.3214116557601634
1.1575127652608217
-1.5432462526339028
-2.315871877090993
0.6570972423756225
-1.0835900021731648
0.6466778077578879
0.9986104926632481
-2.858725868013736
-1.7444019970177342
-0.6264666906513972
0.12676595935515575
0.20706105548318926
0.29373905845460924
-0.8486959255066008
1.2803032548718132
1.1862528297107682
1.3707119749626595
0.4680912852485871
1.5576060719984273
0.7431916240581136
-0.5293860082147794
0.0059096928834548035
-0.7654684090131907
0.06686989242025032
-0.08153907108278605
-1.974716847715625
-0.38554923844027045
-0.5237524887708653
-1.8116533189258484
1.3217089221483829
0.6408415382479467
0.22667510382530012
-1.6621397296222518
-0.36499794937349295
-1.7378790217557554
-1.532658067605176
-0.29111245985432854
-1.4745053136690145
0.8132319560240208
-0.6971664516639458
-0.17499960982467103
-1.1076733535093786
-0.4398835640223659
0.2757374296075767
-0.5389121811505103
0.5732740977305851
-1.2985802418077104
-1.5478101263254174
2.049336556292006
2.7074789041152574
-0.1579704924440251
0.0043100040692225505
0.5942812206750201
1.9636712629181063
-0.21149286298330214
-1.3182550084057794
-1.4888378106575788
-0.34645719196406255
1.1275228407216806
0.5746271127227325
-0.8028534954335526
-0.2836591077506605
-0.7916988202797102
0.6480916398739442
1.0042498236358333
2.890143142581425
0.3370874960103636
-0.2198580818092385
1.440132074134103
-1.1052694904879288
0.29849824020333726
-0.360685072023716
0.09537870238532889
-0.8778475121813116
-0.5056481075411168
0.35979209863254086
-1.3501842020025758
1.224218573050638
0.5174941875244934
-0.6934791468207822
0.8976830156889112
-0.04335097487235666
-0.18591370187334003
0.008760325065101826
-1.9546093878672517
0.2665097970827645
0.04743996320331487
-1.0375653448205497
1.169421244681106
-0.7468982372349091
0.41541256293776463
-1.0348036607135258
-0.41703906174589467
0.1333199703089928
