bobot 119
-1.3983817581428517
1.9310293446878937
-0.14433300259695564
-1.1594530263720368
1.8662010579823245
-0.2690826985513947
-2.1192101940956376
-1.4222813530996903
-0.7648381023116138
-0.3824642466887723
-1.7945878526956747
-0.5040329577015926
-1.0545602632129938
0.6004579104406843
-0.29275637177009445
-1.6299980669631218
-1.3908955109043921
0.4336125271661208
1.4161022760565052
-0.9138879540921863
1.938694167211442
0.12621437167804211
-1.5992683449518361
-1.7009328963895376
-3.2272790183022746
0.6887566376539332
-0.3727123150244574
-0.2384024140560468
-1.3138727783253359
1.1509325836448128
1.0360629418846514
1.7152735903874958
-0.8060700649944695
1.727564947751059
-1.0430314842821753
-1.6329220291859647
-0.7425681717994963
0.046595408819759404
-0.4402841892665248
-1.8807162068734635
2.539445821268241
0.04033293304450094
-1.2846284310697245
0.12702196130346072
0.7706159800819155
-0.9057405384612758
-0.6976224254015563
2.1076413693418568
0.07030283785374557
-0.16350000006779927
-0.7236889160351523
3.717265398904232
-1.942231608141858
1.088398004924849
-0.608532154174842
-1.1799017547755182
-2.1112509261803933
0.17278040714718335
-1.9268398584125537
-0.2798066342942975
-0.3981253049303529
-1.3810124447682697
1.1575127652608217
-1.3504601469853605
-2.0451035283562637
0.47115512192847936
-0.9191713606862411
0.6466778077578879
0.9986104926632481
-2.659429347647545
-1.587662104126923
-0.6264666906513972
0.12676595935515575
0.034434098419596215
0.008315103390704959
-0.8531163622053605
1.3768371158970112
1.1862528297107682
1.6163990650429136
0.9037207024518481
1.6474161159468554
0.7431916240581136
-0.5693422894806182
0.12205857155088196
-0.9501282572456853
0.06686989242025032
0.12969756918752437
-1.974716847715625
-0.3109136715538014
-0.45076551683485233
-1.8116533189258484
1.1957946065679632
0.5608725709557204
0.06876608345082103
-1.7307680769064233
-0.6532720123891329
-1.835607540855135
-1.3432410010476248
0.001604745234355276
-1.1918891380476953
1.113979442108307
-0.49025187482963684
-0.09356299056087088
-1.1076733535093786
-0.36180589521325035
0.2167760140801655
-0.6655259521919403
0.5732740977305851
-1.1434215032210122
-1.352956109150812
2.049336556292006
2.6817395356575395
-0.42685445280305484
0.2371950407500589
0.5942812206750201
2.4343429207886285
-0.4866542290631043
-1.1798721952463829
-1.292033690878172
-0.08676767096307486
1.4602481389028692
1.0061293275124277
-0.8028534954335526
-0.0016691122664989066
-0.6091576934962586
1.1040436783831293
1.0042498236358333
2.890143142581425
0.485359578311531
-0.3962842330058919
1.463754103369945
-1.0945284074328705
0.48389800498326485
-0.48108483813806413
-0.3232663471586958
-0.8778475121813116
-0.40593259924099373
0.25369882306496166
-1.5343484914709946
1.0450294564085674
0.45145919487624403
-0.6324285825470422
0.7864748988736283
-0.18620146903705154
-0.29928449558111414
-0.04472220987236428
-1.9648198631377582
0.5615307234688436
-0.34143437700886103
-1.306209321977469
2.1748394399719495
-0.0407337868922229
-0.6179153748870098
-0.8272605960584407
-1.6989186696161935
0.327755787217014
