bobot72 151
0.12491586839142857
0.3993411130610618
-1.4478686454861633
-1.542430526138758
1.391669010439756
0.42356412867665777
-2.3315266250906537
-0.11352095980558394
0.7807220651084277
0.8006707674713545
0.37085927240904615
-1.9644850343751297
0.5126312135938619
1.2903349746844266
-1.4647876316682467
-0.7580025905142405
-1.4108855149501953
0.03192677987884607
0.4871684718695134
-1.0192415516777258
-1.4255061383884091
0.26479314945724924
0.7742400021634237
-0.5022334622265123
0.029563201228398672
-1.3273855423245327
0.7502649221299915
-0.41662570472193294
-0.8268521676951336
0.1741632564960704
-1.087539406332028
0.4939139325626888
-0.5280334796020875
1.1098374278835461
0.13642393647622925
-0.21678593975200905
-0.05205639654597806
1.708164824596444
-1.1311698984583929
1.4309201319859008
0.8402429852627677
-0.8123745569313199
1.078392070114863
-0.493471184314339
0.3960833856582331
0.287315164124498
-0.8401613672424834
0.3577777323249848
0.6132382617239387
-0.47436487706439157
-0.11647007755187005
0.1249670359652128
-0.002344669646348385
0.319796603600833
-0.6285753948854576
0.39185235714874767
0.9327455954321111
0.5387856809499694
0.3909350592847729
0.8009476124203033
0.31722501833259814
0.3951566843821495
0.07837645069628851
-0.41490004214090814
1.07690378295073
1.0393773025455473
-0.0507659218338933
0.19735271349006323
-0.8545657044844832
0.8572898707437204
1.1114598028382432
-0.3418250267044039
0.42762108768339935
-0.4913245564567164
-0.19672467872782912
0.009897540471403567
0.7894374681520498
0.7166333553290918
-1.3387933891873127
-0.7421692691469216
-0.18031663348162214
-0.9379950021629628
1.4604647493095833
1.6195606793864064
0.18227325570612915
-1.304830680350337
0.35966252526733866
-0.002706989733870513
-1.0577698710313979
-0.5996934344359135
-1.1193446339570066
-0.733869625818285
0.13564444512488483
-0.8081159830616227
0.18324139223636743
-1.2668535768529163
-0.8292380399420363
0.7591845088598015
0.04308691458819783
0.5005206697077234
0.8057324951513455
-0.48159189841401906
0.4553332525464796
0.9259402150977747
-0.04286865091054093
-0.6966925490732624
0.14351056530495693
-0.024753414399342255
0.046744545966575894
0.4253743262738142
0.2518996226032008
-0.27799785302669894
-1.2877092501883964
1.5000024198231783
-0.7559547489321953
-0.1371322871337652
-0.3355060833674477
-0.423136201421365
-0.6882865181583924
0.7275474684090213
2.449457882745768
-0.2867504957607682
-1.1859074094578717
-0.41452914510346417
-1.5350049637704088
0.3542148650283322
1.6880042838279181
2.278120979064216
-0.6343097408003568
-0.3765229261892447
2.866543645907896
-1.600893842022716
0.5055540653712373
-0.5471152786699308
-0.32895897029923177
-0.041845432224767456
-0.20916075110369048
-0.5484313293063694
-1.2802046267840925
1.3251240992248141
-1.2002916785294961
0.6836586320163015
0.3703234427473163
0.9050311160068307
0.0619462637840604
-0.34812644007913573
-0.5320017378384483
0.06293787801740502
-0.9654988662835216
0.1169579099871407
-0.10040283956779267
0.7929094518039344
0.4936433960900975
0.1728667793900971
-0.6189176404034908
-0.7135592354648894
