20 3044
0.08693161390138093
-1.1230133255742896
-0.5056860335002366
-1.8365930331928002
-0.8083864880367221
-0.029199955025605476
1.4596460195681857
1.2887950677259243
-0.8820489345120235
-0.9473369659492674
0.4319554500451991
0.7217262972124734
-1.4107602015146046
0.8562403084892841
-1.1537412686832258
0.3858491990440889
0.4358086576525645
-0.6331089581390003
0.17357735821331302
-1.3516140639845098
0.045588662791122773
-0.1266324585538009
-1.3866470705389398
-0.4004108348504156
-0.373009339893112
0.26212396673462346
-0.27680608493062253
0.06576072425548116
0.4649918847675816
1.4603647607328674
-0.247611817419391
-0.45419018000284084
-0.9718964115974713
0.9132597055305534
-0.726901264004634
1.0232788573307825
-1.0075990862929174
-0.6144650191882021
-0.07398342524264079
-0.04804708192660395
0.43147976524264575
0.7934090083316626
-0.11929442767863238
0.26639508026985553
0.13613879734080248
-0.7503203138676007
0.07675612501624926
-0.4928083595683476
0.9078377815595162
0.15110622894196793
0.19642486084539393
0.04876361463220158
0.5179333098022016
0.8940237164079091
-0.16984525040176657
0.6319796983980682
0.5143262091381643
-0.43409899580073685
-0.09215725829957688
-0.7082078641684987
0.48584430393093625
-0.19481994399952
0.3721317515940398
0.10049287635241032
0.06226947351834415
0.48073489505386047
-0.4868767386742904
-0.8308230941313752
0.19649428737398072
0.400074035977959
0.3484863885631919
-1.0886546687349656
0.6136416123507686
-0.01122588983494631
-0.9266626404344337
-0.5142161211130577
0.6811172956232473
-0.030864383857138633
0.07489365260026382
0.3292557330194321
0.5258598699419628
-0.02257713455448869
0.9122753648778765
0.13816106096822853
-0.7865270337349465
-1.035153585157077
0.3861772083144596
-0.487836183155451
-0.2572241619551663
0.4494926680997997
-0.4738223855488421
0.9152893027437359
-0.9038269767069691
-0.10181331984962205
-0.29826241254564334
-0.6890585156709553
-0.7094850968257594
-0.32852705780980934
-0.7191934325655068
0.5766158600926072
-0.26755135204493696
0.16763206340222708
-0.3931704906090169
-0.3479539251552383
-0.34770820317764345
-0.8226112722295247
-0.0550286653730928
0.43008847003198136
-0.8714260431710616
0.3566412152564815
-0.3934775777527131
0.7682398839244781
-0.5242126492892364
0.6786096080023498
0.5627956551338343
0.013681092706222892
-0.004275014825845233
-1.0748643394484292
0.4918205636029793
-0.8007144223339226
0.011006873873399657
-0.8660437713289222
-0.4687235549278044
0.868756605377816
0.09263518392029876
0.1687029881571221
-0.8231890940849246
0.8126287812801604
0.6683569792791241
0.4045397594780583
0.5797918219593412
-0.09698158639403365
-0.33704092522960927
-0.1514048009027826
-0.1811816124943206
0.8456014057684869
0.5760956876160406
-0.4434301169393684
-1.3305370537388677
0.43674582532841644
-0.28170427745293103
0.45332190274366363
-0.22664592368795167
0.7217918886307155
-0.375406747511577
-0.3741424633692678
1.1628747986671366
-1.1940750795514752
-0.17840908374222128
0.6456804200255974
1.3540495646735204
-0.605106062373997
0.2926845195110174
0.4010438977403158
-1.1414771783145021
-0.7911948565047476
-0.3507679605394306
