28 4471
-1.2928094209880059
-0.24576744111936427
0.7461028849802406
-0.12913873126577496
0.20991584146639297
-0.45254613016405465
1.7024047046605801
1.1924054510440183
1.1404502386891036
-1.2302883929176214
0.03720029478159624
-0.0012242202330390098
-0.7974833370793797
1.187663246800956
0.899171711550632
-2.1127317306652165
1.0547651272701464
0.5362151253133688
2.6115644348233555
0.060524196270352576
-0.1196005881426142
-0.6088987605081414
0.46885388740375283
0.20208077949295067
0.5653431513340207
-0.6014626034375552
-1.1299441607503455
-1.653297383589924
-0.1312416555841911
0.6545979845179791
1.147866480212946
0.4062914271049568
-0.2926797035524666
-1.1808007657472679
0.36643535443179454
0.305760529496317
-1.3504860103320497
-0.15315480926168054
0.39354420805441004
-0.2970705186282867
-1.4709178194288028
-0.4134115264930821
-0.6343730297761531
-0.6407132515846616
1.1314140928209222
-0.05827798315056083
-0.8481065130011934
-1.4915152421211626
0.5518975449285364
0.14294851992309904
-0.5228931884783866
-1.028781162574071
-0.8211567409623856
-0.9591121153202693
0.27922998988983055
-0.2881300205523072
-1.352825616218598
0.6456434340969124
0.40969531905267864
-0.8191640276088117
0.5708509021801959
1.0249582660825678
-0.8097127256301602
-0.7086378242721513
1.59977517016912
-0.9152038872941575
0.5008893876270452
-0.8755037592741423
1.025792304540444
0.3594345333666803
-0.953766030383939
0.6692098805075042
-0.12247570394852815
0.9012246816065866
0.7046144662563274
0.08205828591681086
-0.24664120033525
0.6823033264317757
0.33230743732863555
0.47822487339449815
0.37031621862995157
-0.14878610248719576
-1.2299738269319336
0.10853215795274873
-0.4987120827719015
-0.26344986840317247
0.6495432444072625
-1.2416756836933434
-1.9858815017266005
0.5366738724817433
-0.42145506741751226
0.7829438248470864
0.6974568094337431
0.21328265532688337
0.43303295836226363
0.7399478075651202
0.5959471382065998
-0.6496799176928968
0.6928267427226182
-1.8193640023752367
0.8067784153717493
0.2937572516969667
0.5055636535017218
0.7012140405305073
0.08346917393902252
0.10117075357768651
0.685271580438769
-0.21800850972843938
0.37704018460283206
-1.4539850461440824
-1.051196896101478
-1.2420402550463552
2.3144703615947266
-1.3519424363640542
0.0712021515458271
-0.8779029359604728
-1.8357484042061274
0.453736418842171
-2.49757498151485
0.3476941698690422
-0.19595617288644865
0.5665613477851259
0.8519451108008556
1.3170364980967784
0.5428336874817836
0.0778048719876267
1.6024429734563264
1.7967861585635867
-1.3698877316863154
1.128772839762615
-0.7816681029093725
-0.5026055091897051
0.24837696697596345
-0.7237517354995301
-0.11431940873324765
0.10893792086452693
0.03138439754049242
-0.8422983608936028
0.08394201242954735
0.24019904358234834
-0.285479404440844
1.0806418258789434
0.2598746736752885
0.0803848197105097
-0.42327610492883205
0.5789110098782667
-2.0757408092360494
0.8493324015282506
-0.36549920006510805
-1.0033400019546015
0.10475200189430495
0.6453728494457494
-0.3920521229605821
-1.4266335503966034
-0.2901755054949018
0.8090221497511085
-0.1906407650275213
