bobot6 851
0.5843692568245317
1.5750202895783927
-1.6594651053847527
-1.9930886007666508
2.2862594218222276
0.5906166667437542
-3.0292637760672543
-0.7231884894543646
0.9281940695438513
0.9588605845518298
-1.1140502283207812
-2.141856283699147
0.6333357854150448
1.16370954561479
-1.4250193113901848
-0.9911008812226052
-0.15595372000071978
0.346704802306241
0.01761311400093213
-1.2618666698089513
-1.5951184086851737
-0.012019991525439255
0.7113621525951093
-1.3228261784319801
-0.02793920158834018
-1.5122900263979053
0.4134709284132293
-0.9173748041878564
-0.05417851427792677
0.6445230814522422
-1.852297339879378
1.0374368313310405
-0.11976926965746088
0.500495504523682
0.7394249135560598
-0.4681213204477629
-0.08633502275911062
1.5052569481112998
-1.8137188841703615
0.2958403753692664
0.9507543160178334
-0.8256105227944324
1.778854057367512
-0.30939194152628163
0.6357569852507646
0.5621337883666174
-0.5866118163051757
0.23876450357765044
0.6103444377894274
-0.5776819623050742
-0.35498324926363345
0.5173842118326419
-0.115634424974439
0.4827533466631987
0.22015165570113784
0.6731471941207127
0.9322479260624144
0.31138848042894696
0.8466334512512221
0.8968307048428306
1.079139254609354
0.36204570050244694
-0.2132365569437878
0.12162518363244783
1.261022347752721
0.7492514180385629
-0.10243834618336818
0.6809969460277212
-1.3822702417101536
1.1034864917333687
1.0823459216482023
-0.13350803265282474
0.04128348266173405
-0.8739658894981496
-0.2725760045331773
-0.3707505515412292
0.11830766839648026
-0.8114056943388186
-1.1416941560069624
-1.1238946063890622
-0.27546905468780447
0.9363778443327814
-0.4899919943727129
-0.7285359262175678
-0.049485580706157384
-0.9390477792373183
-1.1614154026200554
1.9580937794011488E-4
0.27364837656813806
0.3839753591250138
0.4445542230204268
-0.17493807237548142
0.3572473074401562
1.0816726183377956
0.5708337438085828
-0.37905368188097105
-0.2414136009285937
1.0310656504737394
1.2143310307198658
-2.4072656873570253
-0.6733496374583118
-0.8850972380974275
-0.5968630876189998
0.14111238049665964
-0.3559688251886822
0.0645925157650622
-0.17303340373330708
1.4776704179468072
0.6832152981238366
-0.9463408606262462
0.08720700683239208
0.5186043116620528
-1.0471847071549192
-0.46414406533002706
-0.31365782048979063
-0.9017926326718286
-0.015918006993344544
0.5303529129515716
0.4687084903500249
0.6390060850154604
0.021925850182995504
-1.2246429374584045
2.2409471789357633
1.3616383610283027
0.1858641873042161
0.8168526998703
0.7148991284552242
-0.9900283779852896
0.0268794802962789
-0.699758236544011
0.5913549376150702
0.30668741868498756
0.6230434614482627
-0.09661739274107144
-0.5115095702649747
-0.005795649208606826
-1.47337791253136
-0.7119748640847041
0.5353548191697426
0.26517532390401094
1.808685390181767
-0.626493366298888
0.6227162398434352
0.26346914227934476
-0.16323086242297757
0.6388650493558835
-0.1661283929908573
-0.07461397487012517
0.013206077114859716
1.2352054174194032
-0.817102206381103
-1.0983753657453614
-0.6578832866252213
0.21853267600299373
-0.9212828892329402
1.3382864914991115
