8 3725
0.5437401408673169
0.09354196177497166
-0.036775523721171655
-0.3510250385054401
0.46269762440744394
-0.23380930874743608
1.4014732704487296
3.573966048459887E-4
0.5607886181171813
-0.7052934466679941
0.6218949869077495
0.22941001555534832
-1.9612952266518637
2.296074481570484
-0.9604078025414304
-0.5828414990230583
0.37373955256231023
1.0124524131125396
1.163642946076566
0.25437250537063105
-0.9218408053097211
-0.5061854112255711
-0.14172948633206126
1.055334569080502
0.7896046638346946
-1.1888562084265393
-1.0242492498761078
-1.2555713715895196
-0.4572796764612985
0.7010033726443133
1.4594708383332058
1.6630976510344937
0.12935239773263127
-1.5423429096905457
-0.15741234262958337
1.2739961645006166
-1.9765199125483948
-0.37399861837534426
-0.4469267884804729
-0.9727261969008725
-2.088209497127818
-1.147375535457891
-0.8875014636836025
-0.2444290374126155
0.4155944353801743
-1.3234820606331952
0.5009002188286753
0.1126489058127953
0.9576375181351018
1.0069665530578331
-1.5387427777739349
-1.3433752620910733
-0.4107945649228957
-0.18518008346959325
0.2763911198504409
-0.6583923466046107
-1.2908172150463404
0.1212625553143648
0.6934990036640643
-0.47800237735044154
0.27508594273506826
0.5541448914205507
0.010731309199510208
-0.0568084556539378
1.2900354829241545
0.4272537843512658
0.5541884954777019
-0.7291585992781257
0.36012026797693875
1.1307741904068414
-0.2779139526535589
0.7905237029842731
0.5482576218327417
1.043776216540925
1.2743723548038997
0.3849701366538844
-0.39506530043481913
1.6651567160317717
1.4363225957821042
0.8033659455682028
-0.22299958851773116
0.5727907688694807
-0.6997177036829547
-0.2001205958945328
-0.6428157402313968
-0.624354635251984
-0.4180844881689215
-0.21656167096905535
0.8666297316784956
-0.35447912214468014
0.04781047227018563
-0.8002177688842874
-0.13741834918513518
-0.8527856019738459
0.8723766660103197
-0.3149120735212818
0.2333269249224716
-0.4030571698849427
-0.5171788621752432
-0.7284052627533237
-0.12553208844194327
0.358177971600658
0.7541601994656303
-0.6497172556253833
-0.523557155262659
0.829845427361854
1.1744216584384772
-1.076607252533878
-0.195925057852495
0.7007243514400429
0.82477807016572
-1.0689211034596067
2.1265642201729973
-0.6256248990108146
0.25445635336851774
-0.6603390484833912
-1.044868490246039
0.6532449611720275
-2.932672369428451
0.28553483478650993
-0.1738158990054151
-0.7337115852472476
0.5795336389782831
0.9784372993807868
0.9364073954389942
0.30704434656236007
0.5657520328338318
1.7575395943104208
-0.7868860772368326
1.2521336534964913
-0.4734428729099731
-0.7539520735839382
0.23635983807849092
1.056634977271184
0.974600106877512
0.2504072090476557
-0.3003166762949543
0.2781867456474145
-0.5099560852446217
0.5844382740309745
0.37556372898293033
1.4679008865264038
-0.9848783079989147
-1.2772083007336177
2.0122029492831945
-0.8331938201012041
-0.2744563216731501
0.29145142867969387
-1.1061278353229753
-0.13669343893791017
-0.729514465073002
-0.0052690040396657645
0.03094027380750225
-0.8118110534251877
-0.16115254511877586
0.803341804677346
0.30307831089361914
