Type2-11 1082
2.206971575808333
-2.391482145640313
-0.21789055959111006
0.8525786411973585
0.4881841412075556
1.7094939730022272
2.328558848900705
0.6685962568469638
-0.43619964380936127
2.639442105172378
-1.7859218482953376
-2.372972483549513
0.8628611253020964
3.0312618974538874
-0.32516851689198467
-2.1738453220399254
1.0698845939958705
0.1839073475489774
-2.7242081600099537
1.1051735172702983
-1.1623258171679092
-0.8387396098305391
-0.916209884316229
-1.5922851192951513
0.19473421027903354
1.0667053358612097
0.23098954789988477
2.0563169054859447
-0.5327796263758494
0.5885251754611135
-1.3182239694597115
1.3390926634454199
-1.2573152183370744
-0.6104760191174597
3.2061057475758954
1.0186279380219576
2.937621309423494
0.8365442951130012
-0.5250360007586368
-1.2726764676092375
-1.9979157377464216
-1.0844053737546955
-2.6137887499200043
2.5251122793215632
1.108487394349566
-0.4301958348663858
-0.28311578531425885
1.6980169270331484
1.2573815800091679
1.9933889081259855
0.2362434824287128
1.1331693550436528
-1.1078989177795804
-0.2690614231200055
2.7555340078729986
-0.5194225225231762
-0.39251150421973796
2.052795417162723
0.14936379385382287
1.9416877775410912
0.4075651681090793
0.2833196369498154
1.1844410344383713
1.207154569274305
0.9573523083502096
1.0610129281484018
2.124629884557519
-0.41972889816007436
-0.3630546304666079
0.4666491446987424
-0.10428932861804473
-1.3657716610690738
0.6372725736523874
2.395833576449325
-1.4340004870699674
2.4873080682247366
0.15985409073970383
-0.0035514517583364325
-0.6899139548072393
1.8421059178400268
-1.8200904863764507
0.4066794715274542
-2.7405968392467606
1.2614232657578708
1.832208805518055
1.180163817017644
-2.001658659697104
0.661291342281849
0.09460177807829975
-0.2055345803530547
1.940003047915077
-1.1592699355792528
-1.138553997013729
2.80867436406629
-1.4055826711390513
-2.8883582875876055
-0.05104219086713532
1.288521097278157
3.3802304869653703
0.02402256822755064
1.0925666763900397
3.464042266376661
0.6569434486503893
-3.2579525813770487
0.16497488965438536
-1.2584712835888885
1.0685348426741739
-1.4514918584482546
0.9550423879699504
-0.44959493531738626
-0.5544169523897831
-0.11602102925262044
-1.1469975010282647
0.4826536355534874
-0.1639914509440537
0.33007956856296167
2.0732408761436147
-0.2689183894551791
-3.7027334271267343
-0.013032527353737305
-0.2472562459717277
0.22313381475600813
-2.69371872714127
-1.3422862821648982
0.8407147991416515
2.6056029461656993
0.3232243897715971
-2.0198522648400647
1.3555882496064184
-0.9070101778787808
-3.1487247204859443
0.9789564619938731
0.6798908721394937
-0.828125206065897
0.34877207661789844
-0.405987017109328
-0.21350942297696657
1.8616038182754973
2.1761648767684414
0.11670635169093278
1.1753889166537586
-1.3016424944960017
2.0167414387254308
0.42380159522400995
-1.547605895935441
-1.6363989738145162
3.1210142374792165
-0.9046608329903321
-1.5541019829994778
-2.6187994865706683
2.3729583843124202
-0.8013525117782347
-0.010025492881567566
-0.381628008519075
-0.6823814962415096
-0.3120092187300203
-1.9045235533335094
-0.8907669101191387
-1.6897616142169167
-0.7113587715851208
2.5737896521857646
1.4945459980128781
0.013356432046662148
-1.8431644045318116
0.3794848845243794
-0.09616854486911763
0.7949612459175227
-2.8379414208771117
-1.689799758084079
-0.8900918893164594
0.14568279459573358
-0.10092849086574765
-1.5153317821404837
0.9319529308971661
-1.2262483342635637
-0.7113360155076188
-1.0418144175073072
-0.3421872430985053
-0.04446761932773893
-0.7720895835065507
-0.502980819033624
0.7618316365832642
0.9891566741098108
-1.8196065903112453
-0.8502377589186636
0.265382466840712
2.2370078855343762
-0.13479430585948143
2.8505939630853616
1.0332835492380734
1.7584455245563586
-1.4695614046006371
-1.402110521588566
-1.8441624991358614
-1.848283456693189
-2.104432913278281
-2.3022230703351774
-1.8236437921083222
-0.6664156185075363
1.2359698612857066
0.2557602480180434
0.5974887137003376
-1.227165618260735
-0.1468485010456631
-1.012568386757739
-1.624442843566924
-0.2872010829786602
0.7784076905137531
-1.0832953625029367
-0.19565442101278877
0.9353892012902376
2.168766015413586
2.12763461616351
0.43157840111415713
-2.227453970027206
-0.24301014052975192
-0.45437413633197615
1.0133301790563738
0.05130626515301409
-1.4785373742840884
2.6796653414056775
1.5698786495949562
-3.5224389655392216
1.2174357972242371
0.05385019618947351
0.8084650684459054
0.24233652033232556
-0.7511842212780757
-1.5023189974977975
-0.7979791205945936
2.103104627639621
-0.6798253295881238
-0.2119525209689177
2.6212251824475286
-1.1043770402645716
0.10928708932567677
0.8671550028685091
-2.7026903160103473
1.5726014390805987
-1.1437118111366458
1.7080529567852956
1.5560883831801873
-0.3775978189591942
2.0741576545449734
-1.4149500472008245
-0.040885436703185646
-0.16817142097054108
-0.9785904041435365
1.3647776322856078
-0.22183652130967324
-1.9645478920976993
-0.635068478097086
-0.42852534027796685
-1.4288758361898162
0.5171418646815515
0.7340689968098886
1.2567419369874047
0.9949752438621406
-2.190800757356757
0.4192460621650684
1.1173751994841878
-0.9475217423938821
0.8998573857493439
0.9308475865449849
-0.1754885340655182
1.0774058462031217
1.5166241324506893
-0.02813370452816011
0.6379125680289253
0.7840501582687601
0.3131754433408813
0.05910500308324641
0.5916642080164238
-0.4675166805776369
-0.8934206420606451
-0.04409487087639177
-0.6189587896848051
0.7929312369024684
-0.4789498184495523
-0.5555323485671381
-0.5996675897709349
0.8176540705703752
0.3459786912038928
0.195532752651803
-0.9906905110812574
0.32610301633517214
-0.1597266400159547
-0.7769465326321772
-0.024981932651613428
-1.5857727759122187
0.09526738872430578
0.5178883991987955
-0.016835192403333643
0.16041750066153382
-1.52682718507787
0.469962751234543
-0.7700234321686508
-0.0244457175901297
1.408377055038661
0.6425343668045376
0.21734479519153863
-0.054698149137422346
0.7488482186855308
-1.2381142031597472
-0.16239689141818828
-0.9387331868785663
-0.2087538293288034
2.120867359997124
0.17072343249954358
0.32417854048752626
0.5290152570440907
1.361776341166892
0.08993593425225965
0.7615179536979129
0.2317592502146109
-0.2495831780201569
-0.7542828875211535
-1.705157389526574
2.488837059756373
-0.6286861874427581
-0.3174110501420133
-0.8235849051758902
0.6707543816648157
0.8663045946381739
-0.7916767242110913
2.6782619046778104
-0.897686669752639
0.08111537827957555
1.6869062450125867
0.9396309781504784
0.16866829360646543
-0.21818308616182686
-1.61896412277626
0.30737835430773136
1.406796959418854
-1.1390028591471932
-0.04634602264146945
-0.00341854454966152
0.511084459123432
1.1269188899303662
-0.3620507866242402
1.1794433482694902
-0.7770195000487721
0.5667268119696033
-0.16493027339614363
0.7040122782845839
0.8648225250156376
1.2106944680774807
-0.16613086608945402
0.9192658160563197
-0.5302005734785795
-1.7198130655081596
0.046676678566005686
-0.05364425200088088
-0.21909206429020248
0.691208160709706
2.4854041344779785
2.3239759424252524
1.5089659359989251
2.535224495080341
-1.6728198357575674
-1.642565449241202
0.21948534832352987
-1.8162240026952534
0.8565126937353158
-0.9942956790402717
0.6339646330571248
2.3999681084862035
-1.3443819050579284
1.3082739166799717
-2.2611300037192623
0.45710268926258324
3.3474480326676965
2.338900157919413
1.3837360100630147
0.9742520367182914
0.8059554762117699
5.7438340171247315
-1.7371089743749593
-2.1406020351005086
-0.1280796811803888
-1.285225349185
2.4044418901542532
1.7951455615700784
0.11083415983961104
0.08353460459272943
-0.4792694760662338
-0.313471126390392
2.3562710419917368
1.8158114021945544
-0.9092823214757706
-1.1537616786210692
1.0183773540488728
-0.4169818581220491
1.0992042736143333
0.7528783749531722
1.4366685114887745
-0.615647378295021
2.183322498851627
-0.2009040173954367
-1.6866588807463738
-1.9044762904288672
-0.21381914460874676
-1.4220450072147068
1.4623398668757712
1.402898250778112
1.046171416758719
0.22326858929214918
-2.111062771158292
-2.080436482845274
-3.5117223261626815
-0.38664549239181384
-0.23727990425421555
0.044217215392011455
-0.41886273917264655
2.137650427757244
-0.6120995250993657
-0.9802701588882341
1.3193651534934736
-1.0205075401185109
-0.30378539737345617
0.7196325619521737
1.7206953871438948
-1.5637013448364947
0.5587699467305733
-0.5934159655192031
-1.540876607669639
-0.23314939403984453
2.436829978805007
-2.3344865863170807
-0.9471077192450034
0.8535744294573422
-0.9359098159797681
1.831290142932015
0.01854434657714471
-0.5425926830032721
-0.100003522992046
1.1866960737037484
0.8698048110645669
0.8089223055673289
1.9718230545580062
1.5760627708129282
-2.173735296163242
3.202408819821028
-0.18159104121840755
-1.9057467912106596
-0.4179993553859578
0.7012873576829506
-0.29758663857814227
1.9370712431251225
-2.0698450776492723
-0.7230145725356661
-0.8338836705129924
1.2464285138272893
-2.77901647432068
0.9457721031055146
-0.6391754517159187
0.3962436756213661
-1.0022589708865866
-0.36233650843064436
-0.398447917384885
0.893320119383968
-1.3730735998212715
-2.8930707962290283
-0.2458809904005254
0.6760157882704069
-0.4753011556694156
-0.104363640684565
-2.5005165031319403
2.0556326890441623
-1.3221900616395006
-0.0621958010034393
-2.04898996708391
0.48951282033338883
-0.435356830829317
-1.2356160401053364
1.0704248293894996
-0.8118222484810804
2.102320188315425
0.23100591723424269
1.2676825681531847
-1.8455311071249834
-0.4800252283112416
1.0266355287721038
-1.810416695842163
1.48945520471821
2.3007172391888204
0.7487687202151782
-1.7101972293112997
-0.869666641558833
-1.399500952415178
-0.7574379693552321
0.9230452372941413
-0.556347343964895
0.4730369403413095
-1.050227510428381
1.7044469767914772
-2.1673307409449993
-1.336469138781377
0.16765618275771907
1.0176725122881023
-0.2334536433603615
-0.9949775185747924
0.27056830746136756
-0.7451725190201982
0.14990108506662775
-0.47261637264496764
-0.08715981190348998
-0.4353953246138833
-0.6981440514907077
0.7476402171579904
0.43658785569908026
-0.06244626318634783
-0.9026595997467257
-0.32191140028428866
-0.9514698309377241
1.145249688475929
-0.5441910940366574
0.9504212451412526
-1.3395092816697445
0.09065442225087506
0.4288289443071214
-1.1250241104773502
0.9021456443423985
0.8408507672441593
-0.6787695665272772
-0.5304935077200674
-0.14834459288385815
1.2321794586414556
1.32307536137905
-0.318343889551274
-0.20911986188267104
-0.4588734822963546
-0.7623245966143699
-0.08429641250636684
0.7825626432967194
-1.8607987997789166
-0.24690115616043692
-0.5349943708458114
0.5508067813956639
0.1787371646566519
0.22104654668986287
-0.035445236363426974
0.14609869408816906
-1.0178789700004982
0.4297561822409671
-1.7897282856277335
1.0949667624608965
1.446905110323577
-1.53198996206705
0.7000527762007427
0.03818153626573545
-0.8727446170385492
-0.47168165230308823
1.4686068149863456
-0.5240969800048775
-0.2514494415381393
0.8006152274239622
0.7874640745311465
0.5319807421889424
2.5460813007257803
1.1576949741840448
0.9145148670011249
1.1428917963275622
-0.11398514515228364
0.6313021535220028
0.4435961113126166
0.6229007265267754
-0.5168005187421755
-1.1533311030030875
-0.24083167779551257
-1.5512236647137174
-1.8377326801447
0.768557392978321
0.5333482696050871
1.8688463874761507
-0.3478593652736302
0.3573033318495571
-1.742126191059568
-0.8900858247726602
-0.27601269819258856
2.2863259053845315
-0.8537031329791983
0.9869222599983078
-0.7851291496736523
-2.0850662683395917
-0.8597248921197971
1.243560099193249
1.7316816817345946
-0.36714647099553493
1.13623453920368
-0.5399523253060329
1.1836398841795364
-0.28011327057932767
0.9006431302001654
-0.16260017581826647
0.5061306917986051
0.38496569608581604
-0.613351444114895
-0.1831922853374528
-1.3976974218781155
0.4823511757152683
-0.18849487039468282
-0.3657862663933601
-0.3702150060656395
1.253358571880051
-0.4720622340270192
0.2854807494054438
-0.04810105059833916
0.46819208594279876
1.0203383310175107
1.4351139853191504
-0.14703744745896843
0.5704847245493919
0.3926834692247857
0.21939500749978874
1.0663017113477764
0.2275041018290886
-0.7313358596120757
0.665693434532528
0.15764354145304088
-0.45198844405364913
-0.4416104084225428
-0.679687984694602
-0.35623909981802715
