bobot6 19667
1.124874305669631
-0.09516723190587345
0.30540993665898564
-1.0736271784443894
-0.42932935166670955
1.2793409194252099
1.2163050450926125
-0.362506944240496
-0.9550495732286575
0.7103252883821015
-0.3468809084608233
0.11603642545329407
0.22137391916812021
0.6627307019617144
0.7672848263570221
0.30471021536735876
-0.9661769425261648
-0.8914105255267508
1.5690260814834418
0.606895722341112
-1.326742334586883
-0.01417508938900816
0.13216828753437176
0.4453684187034363
-0.35739227880737207
1.45897824242242
-0.08264151552315813
0.8178048657328445
-1.738184590741535
-0.2874479773146542
-0.3715267023987022
-0.22445033562029587
0.6143466004728507
-1.2358337013773395
-0.8522781017671938
0.8120272441642807
-0.3727722224687817
0.4170041869697111
0.31397850936523664
-0.5716817356610835
0.8021766347881734
0.5548725849815712
0.09126945942566088
-0.9445719758198197
-0.12266612438532973
-0.8770226984742432
0.4895467945045193
0.6587860719679153
-0.3428418897212187
1.5146340952194033
0.12449589580646978
0.2736661664629757
-0.3395811128743981
-1.0004536752656408
0.2962777113345995
1.0367205347025028
0.8349712261947417
-0.47981372661839955
0.7226446581364053
-0.2976240742620174
0.14868158950581006
-0.43252759404210733
0.15443786821239222
0.32373243459354917
1.475590021286126
0.08275779814120612
0.79649947797752
-0.6075557264160049
0.6522160977117673
1.5085786681446947
0.4715568156462904
-0.8807701507985394
0.7952684342381985
-0.2978592712895738
-0.29109952164543407
0.2012114111061996
1.515460636907867
0.5876377887249776
-0.9651504896105149
-0.6143870228459257
0.9255577031175695
-1.574287883760817
-0.6129963275045969
0.4400642156489543
-0.3191816496852802
-0.3302977713414529
0.16200394049287534
0.928750102673513
0.6112053105324097
0.37311981054002485
0.9436309581219254
-0.5008510627002797
-0.004373423600306625
-0.05011849402204209
-1.1237431965553062
0.3618120447379398
-0.29932501273476503
0.15504446929692153
-0.44239984878855043
0.5934356898527514
0.7668699675967692
-0.17527185064801257
-1.5237719923354138
-0.33658856467203824
0.7409936288494257
-0.2873861942072239
-0.48021819353200945
-1.0557399508932421
0.5988374225565105
-0.010236479306014807
-1.1495404492380499
0.5604285646731884
-0.6816478190397803
-1.3273042958983803
-0.8885767627641019
0.2716289998205357
1.5006266167042341
-0.7957890535916454
0.002341281461643363
-0.3120135342282013
1.2280576764922133
0.29208117345505
-0.5575772265563577
0.6558514462228285
1.4897681079018317
-0.6142087784160597
0.4340110147450348
-0.5251536188921502
-0.19750710019381937
-1.1226072696972969
-0.0703888014595368
-0.030160986582126764
-0.719452594095872
-0.3899025478085843
0.7183030327532618
-0.4690041918758743
-0.07032382465872075
1.0101849688038436
-0.3844330304403749
-0.8932814293532066
0.07983756837017217
-0.7389424668132111
0.4616550815498972
0.5028685871748291
0.7273832331727906
-0.08558454302743898
0.23823275291703605
-0.21601126564612871
-0.010686231880062236
-0.8253643584806106
-0.08662540131405622
0.9040801475624778
-0.5337792802135152
0.47971155158454937
0.5903285400283349
-0.641034324069873
