23 1945
-1.2949075012641382
-0.23199997065952738
1.0173312123579012
0.9306910556865383
0.4703975066083299
-0.08657848440612077
1.290065911621893
0.11091892773274195
0.5523673157297855
-0.44276044759664746
0.4956827204012375
0.05028690297742154
-1.025181628635016
1.19449645014148
-0.20361619667078154
-1.4273101532145287
1.1898811501199935
0.6517377461244631
1.275049585618019
0.6376907743128976
0.7533078326821735
-1.475614271833734
-0.02335960834000686
0.26484424621320046
0.46462858444963595
-0.8542647165435471
-0.37582592482097027
-1.093734564312731
0.2652367525267589
0.9738759538017161
0.2229003936981785
0.7067588543375135
-0.29655192972657385
-0.8105475950695766
-0.28811576527138916
0.8325543948399606
-0.9926400324100696
-0.09743068870797933
-0.4697599968203151
-0.7882810158525422
-1.480072217292454
-1.1251497289816292
-0.13723678191505206
-1.0022556592817204
-0.14962342359965755
-0.4143230527316623
0.6651349298898804
0.7585435416655111
0.3803271049601415
0.02782635835760705
-1.6361115240316146
1.322061206618829
-0.0051653509804265585
-0.984510937977625
0.19138899557970734
-0.07844489463921595
0.9446761752246151
-0.25375445419210196
0.0010677299377686023
-1.2575901713690025
-0.22154554282396888
0.3387936040370604
0.42180613726527305
1.1955238987778802
1.3231822325345979
0.4829483506584221
0.41409656172641646
-0.07730765874288226
0.5988682758879103
0.8403314209281773
0.19208778031538729
0.7359690789155593
-0.4633482023009345
0.24797812591131968
0.9322464039567071
0.21021165013845353
-0.39343365198397984
0.4739139093388486
0.4562999719916604
0.5726191362523966
-0.8416964227200484
0.13155096209184308
-0.03700781842293005
0.6643832267918541
-0.7462982230395214
-1.0433988498381843
0.7262391640197732
-0.713271019515345
-0.9270654375672106
-0.6113122039026133
-0.6078271422325962
0.304980346717348
0.8505595865488158
0.5068015424984702
-0.5427144627312979
-0.5142513757221339
-0.4310100622559745
-0.6246653872320371
-0.7570802534091025
0.9234182110223595
-0.361467400244019
-1.332582277701342
0.34805179762287275
0.1686722039246718
-0.7333784847595822
-0.6958240967564773
0.03175264070837619
0.9192266287093788
0.02414571613510103
-1.1325079305728762
-0.7714853053406696
-1.6837567070944601
1.2349915798579638
-0.18099781806912735
0.458250696421894
-0.4224477865839288
-1.1088226046805933
1.1407249964963866
-1.1707081840634408
0.9541538686653244
-0.15952577562314596
-0.3606072655787367
1.0627108698442396
0.32596440666192983
1.0176293852293505
0.7874623270966594
0.5288477983877751
0.5006097027218712
-0.003247919849695774
1.0776961108066876
-0.6580413817878142
-0.3029478648647375
-0.46664642154622127
0.7618138338368123
0.5148664643234317
0.18452817273760713
-0.30844575951375874
0.824697483918378
-1.560613199371705
0.5813677269081636
-0.18272584043303358
0.892751076751055
-0.46666763362128344
-1.1814422288308886
1.3103659671520744
0.05466246387112651
-0.11880927961933396
0.2259821182795792
0.011984076292970103
0.023534887274952287
-0.36220354310876446
0.7041232808448233
0.590067753820662
0.624416709539154
-0.08725743811759484
-0.44142342510885146
0.8181183745713032
