bobot7 2820
0.014997256057782848
0.6982368955360703
-1.361706324410728
-1.3237704995733952
1.2147985007361133
0.6363917178275728
-2.084720748303365
-0.3412826352713056
0.7153891623682394
0.6027591826148511
0.07396763743466434
-2.5662900207330064
0.3745565241721863
1.1533497683754474
-1.8164826301920594
-0.8190128245841212
-1.1353356526392637
0.2593550453414434
0.822775163201773
-1.1647598517495417
-1.2122067100382208
0.14769951534463593
0.6526162613858397
-0.5679312168944297
0.6060206838638935
-0.9777443212948878
-0.05331119712780974
-0.055463144796235125
-0.6524821041963809
0.25577065995422776
-0.8346844080501221
0.1254378923858144
-0.20637875901412817
0.9690338733830719
-0.05249065063886871
-0.018754490058919826
-0.23031750247491745
1.327136401267618
-0.8558427073499267
1.2970533424811836
0.5562686328383142
-0.19186223543128575
0.8848756475108703
-0.5278628176078455
0.23365985867164593
0.3238257430704769
0.2707238644115359
-0.2225286815857496
-0.69922339289324
-0.8021309348333794
0.6398073671442475
-0.12355406673450231
-0.3160662653622493
0.9052991159539837
0.0758720305738898
0.6665134786241069
-0.6665777802667804
0.15166331630296742
0.6848901706244452
-1.4575661736508618
-0.811667953035724
-0.5199066006118286
0.616804152028781
-0.032672195219942246
0.3378930720442435
-0.0462545404456258
-0.9809275175630621
-0.05138125409192296
0.35357856750645694
-0.14787700476369325
-0.17348020889962226
-0.5851662092835709
-0.8325901703804479
0.10685909550907655
-0.18254835250253518
-0.0554289146601786
0.8878735361869845
-0.248523138152639
0.20021605866790115
-0.3754003420400876
-0.4204516819800854
-0.1662944074561361
-0.10212173140646716
-0.7472594118076877
0.838707777631601
0.10204341783993427
0.1752707637370582
0.12019515085714216
-1.0156233025411783
-0.8432335366561832
-0.8327056640918066
-0.4488388069000171
-0.24326007156709842
-0.6969548196532054
-0.10769891911748275
-0.9708064645150083
-0.7369322703498637
0.31243935293867864
-0.18059490832802338
0.471075444449954
0.4064072092304587
-0.7270311345418231
0.2803379928057601
0.4043280549068429
0.03079154135201083
-1.1316313613503381
-0.6563515838230585
0.19054480490836356
-0.9760858560535519
0.28501935488299984
0.7239320794782034
-0.46568561418650806
-0.27101310717197236
-0.33341379601488774
-0.4873158777071225
-0.23070637970004995
0.0035937979317463287
-0.529146453239825
-0.004791463185976008
0.5105465804795963
0.5525742396713949
-0.9014990440628091
0.8301061925685572
0.5770742947706069
0.6985711376179783
0.6259991822911837
0.3091554099885988
-0.877676103871402
0.03811483229440176
-0.6181457147899398
0.38228878949609535
0.3099407140119932
0.44989102076310955
-0.517506919183601
-0.24088942369920263
0.9559539577239906
-0.40581256362008067
-0.534283192704535
-0.40395688056705553
0.09296169104992247
0.25942371768236394
1.021371031429981
0.5408671671653806
-0.3569734502200533
0.17549667235038635
0.4191110003336949
-0.6900494288634869
-0.9964164096750964
0.38496877271274804
-0.6496524110944288
1.1010163868307985
-0.7038490850646706
0.717400877860005
-0.1440838153827201
-0.5078642526523652
0.5571231710101738
