38 5183
-0.9567103034732338
-0.31069304593566793
0.7335522755480058
0.06913068586793278
0.09175130737067057
0.11869153092952922
1.506763537128459
0.5395965007803059
1.2678648939471902
-0.7636016663686637
-0.26095803334744294
-0.44640106680975333
-0.3599744699299587
0.908301212339734
0.17737906830914618
-1.184257891333154
0.3985866277900549
-0.14204859626777147
2.1350444636148653
0.1596480627985183
-0.1017980924496133
-0.9019855298797812
0.544718390167046
0.49130302951818905
0.24561896703083827
-0.5384764387705584
-0.9394490382838045
-1.4918630912421826
-0.2403181403139616
0.026328177248463272
1.8854995261873009
0.5478650593474359
-1.7324796241199298
-1.7652886797564755
0.7969379710287652
0.33473555032294167
-1.7112179355825496
0.12352354443684915
0.07568132718844747
-0.4241805545992724
-1.8179371001783833
-0.5714057744441278
-0.9976166029141221
-0.10681546555102178
1.2367108991889202
0.01569286835368697
-0.15284891211725532
-0.8341124524059922
0.07049698254093975
0.14115840850064126
0.4770419622364609
-0.26368265300946053
-1.1305834160054598
-0.5816919061797008
0.9964917572955871
-1.1812838059869577
-1.774269120465662
0.6581871082091282
0.24319834628525802
-0.6671334832302385
0.38269103330771753
0.6446946439673622
-0.8241055706710947
-0.6643272117379384
1.0367395607739693
0.00673602138832638
0.11192393764664277
-1.2324419703796403
0.42740816597291253
0.22891688515009911
-1.050487371974152
0.5192962388656892
0.5400369372531926
1.1782629357257204
1.3315402928000744
-0.17301142536181538
-0.03693357558854733
1.2517834373377326
0.23107712450502493
0.5715586994095238
0.5105420574929967
-0.028659868286532525
-1.2107173196631882
-0.5227160563673076
-1.177016473570473
-0.39271573102572044
0.5926541410118427
-0.9347841052630809
-1.5954779743808638
0.3846441670091414
-0.6557612784685147
0.7684310285669363
0.4399506554288801
0.04263898976004235
0.30725426175631987
0.2900100299985051
0.9283668366376269
-1.7001237954999613
-0.08925794193254644
-1.2902397469157345
1.7570334937085943
0.6344131331017686
0.003596924368870269
0.8415627045697817
-0.3646409305798053
0.9604741098227942
0.5545214580631336
0.3279756259328649
0.37113624669697864
-1.9211385254018971
-1.2359583710033686
-0.8670219293762779
2.0043466089419484
-0.5853943650947682
0.09940340077482529
-1.064383691506158
-1.4254749911762363
0.1796843314412118
-2.3971860848527133
0.7563133248989133
0.6807768457000141
0.17134344491345904
0.711810450507388
1.0572695689322398
0.7723175843060501
0.2339380312779613
1.549031977781448
2.5562437644997806
-0.9118705772119795
1.448579098360039
-0.8015141015690412
0.2556458972656786
0.6750808647887478
-0.7323492109603019
0.24042442393916563
-1.462257946418529
0.035486359315005864
-1.2043050929184105
0.4617759252790796
0.12534651781798442
-1.0442175306403285
0.38880605255462936
0.39529620264508847
-0.18549899122706306
-0.8912091132935911
0.4444864124205971
-1.3851320886427327
1.6905728547930408
-0.5058321914573503
-0.3219521248711767
-0.13565991800875682
0.3723021151276484
-0.2996549157898151
-0.6227864245956984
-0.5798536004120083
1.130124180227765
-0.07266633734095518
