bobot 255
0.3248743851710386
0.4029972169214541
-0.28971493087779093
0.8723912793952128
-0.10982817369648734
-0.12450354103804154
0.009323058357100678
1.2096080468038324
-1.1726982688074823
0.03915557184467406
1.0331768649655988
0.8607629708090014
0.627881591737145
1.4203851451034466
1.2717378270778035
0.11483075039907287
0.6357637650222506
-0.23576438150946444
-0.3672673553320607
-0.3037744654895124
-0.5129196401217251
-0.12702244074467986
-0.5211942751491376
0.12928987060677238
-0.9572702365964949
-0.015350685871879544
1.286360421813869
-0.564820188718548
1.473464364585573
-0.5661968662160912
-0.9330144164716923
-0.3797522500329834
0.972548918866849
-0.9233984023237645
-0.19576945142595775
0.680511429341184
0.5921028580917589
0.977216021899832
0.4371287222872302
-0.8411890509418387
0.30138444728241276
-0.6095367197134518
-0.48733907282944733
-0.5286624764244794
-0.028135434400405824
0.004282164182520115
-0.465695047039822
0.3167180313854142
0.38267972775115383
-0.39324057102105664
0.27907730028843486
-0.8311207357863407
-0.822137973371166
0.23013390142544277
-0.18353651944078359
-0.22623561393658864
-0.49645430053379713
1.3859066517635228
-0.514431388201992
-0.5923351731627594
-0.6592170604706825
0.6064056775101467
-0.08369197245395311
0.04986404682356929
-0.13853849431507131
-0.0964131051840521
1.1158552325558617
-0.7559525934251946
-1.145488990993447
0.42988785550435993
0.4896335894190087
-0.016408369153951594
0.36554418910731096
-0.5078552389551418
-0.5230476277275067
0.7104289432281057
-0.7272998038716755
-0.4062599116705614
0.6611929693994247
0.7905739035875254
-0.9781864768199605
-0.21555259160134682
-0.5760120779345084
-0.42769320789378357
0.3040749154269894
0.06224456468978043
1.5080811472262035
1.0306373377038969
-0.6174195622203679
0.23800718176825086
-1.1227713426406656
0.23763475750300195
-0.015223241498375006
-1.261917175878081
-0.6151866432780027
0.21158574415526787
-0.28379113789280114
-0.06632562363839514
-0.9526232233567583
0.41865058414457545
-0.9874827732848955
-0.6443913965023169
-0.624928239181838
-0.49818186562398475
0.46057500094825526
0.3068398757369559
0.95769908603963
0.5905140073234616
-0.3257167343834163
-0.604129040075372
-0.7068470865201432
1.269090556297956
0.5403417435282718
0.4811416037753078
-0.6131997763004605
0.3288640121478064
0.7723683116692845
-0.02716398944865117
0.5466344976698787
-0.6330071129446153
-0.7596887055914469
-1.1861758009768573
-0.26869011404326903
0.14464724457006134
-0.19726108568938147
1.5805586929024513
0.1784355080794636
-0.2699842739368609
-0.24844619850884533
-0.07693740024811327
-0.02753633366844513
-0.780695697510788
1.7793182957750662
-0.4661383347202801
1.4396769044152897
0.12243230231641508
-0.2880169922863944
-0.777824956847625
-0.5906250662737974
-0.33921952214158274
0.6133129323940714
0.020775017868280676
0.756025968277512
0.4512318098909402
0.4628512670318895
-1.070283725206608
-0.03465822864721699
1.4495274732806134
1.064775609824542
0.6618173080793549
-0.3823110179211847
-0.05851238904983955
-0.8356116633583696
-0.2243338613160124
0.21608787346150246
0.003012645434813388
-0.0824256501594473
