26 4460
-1.4350621300905622
-0.27896355172523085
0.35708062415249187
0.3613954377219532
-0.4470628885490926
0.2176833512213805
1.8141989060451957
1.128489751073574
1.1483880350331612
-0.6603540614909231
0.20007910634074094
0.21263825450403856
-0.7981384746221908
0.9842247150955037
0.4610569581225784
-1.4439664216879446
0.6361298381018621
0.5942679751996248
2.3491129428920035
0.10257637892589758
0.23080012065507888
-0.6844188836044149
0.3322622481872262
0.5552349566033938
0.3459505900087343
-0.28103499235600354
-1.2191465087113673
-1.3842164089373736
-0.2403181403139616
0.05001659023276535
1.7893274367420617
0.433811310183709
-1.6734349931502632
-1.910398636487789
0.44760483110353977
0.9309237607432322
-1.577677025398223
-0.49099891415955627
-0.6189466489193014
-1.091646784112363
-1.8307569914306203
-2.0007181622927157
-0.34488646664774025
-0.10362305020928064
0.21061555100797352
-0.6390239204188928
-0.13078235196951052
-0.37887047475487146
-0.4291313210507421
-0.15756174544351265
2.5391504732974934
-1.1877696175786379
-0.24504897464450354
-1.449264996413787
1.3172974287130372
-0.3063525935655775
0.3617277365386522
-0.6822079050818778
0.08422809657987645
-0.7663412713719914
1.2462841158991953
0.956304356379786
-0.7692641367433927
0.7924221679476876
-0.5622697789827653
0.18898113946985493
0.233881732323304
-0.26874058450264227
0.6414975826254752
-0.5320421280182535
0.5942300128272252
1.6124181837734808
-0.6231374819351831
-1.0022516663292165
0.5687634597118747
0.661876876751333
-0.9930268390811285
1.1338324952488357
0.29778234149782756
-1.173963313328189
0.6142552841328943
-0.0451312709306142
-1.5588989404289104
-0.1486857235845792
-1.003149954286009
-0.5050726462760188
1.1246818945549333
-1.3413941400419738
-1.898107222733318
0.6560130284741952
-0.681991854718776
0.5078632204301352
0.3238637229136094
0.21328265532688337
0.6785327613509466
0.6097660523137307
0.37087839447053256
-0.896614738387127
0.4605992375928232
-1.8193640023752367
0.6251762957122377
-0.11495493704699675
0.5055636535017218
0.7012140405305073
0.02424634209023606
0.10526840097404341
0.31103995263623246
-0.3615427715853463
0.37704018460283206
-1.4539850461440824
-1.051196896101478
-1.5304449669851319
2.3144703615947266
-1.3519424363640542
-0.11532188962397115
-0.7036301426813751
-2.1018747798061876
0.5870082649324054
-2.6216142358296333
0.6140630074709756
-0.2405998044641513
0.32040085847549676
0.5104773700730616
1.3040886416045834
0.5428336874817836
0.352751889697261
1.7888536041669933
1.8513210951039674
-1.771792061651515
0.9669410708869395
-0.7816681029093725
-0.38147258628211567
0.5171374088179346
-0.7611507618997606
0.014291650295919667
0.04648218121600212
0.32117250848198253
-0.8422983608936028
0.2917458310148521
0.24019904358234834
-0.285479404440844
0.8394000136161742
0.2598746736752885
0.3614538133867522
-0.9215170356629363
0.4351010150794083
-2.0757408092360494
0.9751201332747096
-0.2564698130684401
-0.6668353672284063
-0.011915744156166808
0.6453728494457494
-0.3920521229605821
-1.085197856410084
-0.2901755054949018
0.7358640305337205
-0.1906407650275213
