bobot 1749
0.2860503406798658
-0.11149050982920206
-1.1649242697062312
-1.1386471342289164
2.4099591677936414
0.6215754092579882
-3.0611929987983997
-1.32536640925378
0.28330308902280676
1.3845862190598672
0.4198211960626642
-2.5460827845326395
0.05689354884728483
1.5229204574608604
-0.8731222524682813
-1.803453618763534
-2.1218730341333476
0.906862257725924
1.156798518591247
-2.091073026849765
1.6589173069522338
-0.5899050710382063
-0.7405127602503877
-0.9571682299459959
-3.609530675075447
0.3419674336856724
-0.8682649153394647
-0.7388864869078295
-2.1241738659575753
1.6169364554895074
1.6456389777411904
1.46756200307454
-1.016067507281277
1.231880600699909
-0.38254162543340275
-1.8362109020630806
-1.0124095604424346
0.023032905145071614
-0.4684191690938274
-2.7395177690222114
3.1404819298575264
0.5977208702450214
-0.4803392536891018
-0.1917090184887144
0.799746767961468
0.42484023177799823
-1.2181686538180077
2.9392627089318264
0.06725782893220475
-0.20214102444984136
-0.29440313200355583
3.5947025278582148
-2.8782797422085267
1.353279943629524
-0.26786634888555017
-2.8546560162159107
-2.164419710959012
0.8675696096500402
-2.110206896374187
1.2559911130550325
-0.3877567730816036
0.15915157376492473
0.5691770744001736
0.1143897699141525
-2.2917599794349237
0.3298720668048039
-0.8018483410200792
0.43405774700960864
0.20738997774150403
1.3869247858767153
-0.10438655302897584
0.6593605381959387
0.08704734595128275
0.41444383095331927
-1.7591671507351963
-1.3047687938634172
1.5077786632377528
-1.2157974042557627
0.7716107353734585
-0.16683771454769863
2.5954466539509915
-1.9167694857649995
0.15887912388550177
0.42961713680345937
-1.1584962725667802
-0.9096371250094117
0.9968918946614943
-0.02170086678190994
-1.4083571354001627
-0.2036084156657681
-1.5123965705945024
1.0520426958768805
0.4781144688626898
-1.1032705891532315
-0.6741904871210522
0.42258588370033606
-0.17513871076863863
-0.4801318860217393
-0.14815932299894985
1.432661930162971
0.4375396172903508
1.0328836746059284
0.2797853893418107
1.1966658909759902
-0.4294335951625013
0.5467845681964969
-0.2658568732492083
-0.3694969416097305
-0.7175883362860594
2.27657867209655
-0.10630819156245663
-0.5334270938802473
0.018714138815475193
-0.29709702556573003
-0.18342837182696764
0.3419437086491326
1.743130351731686
1.29295061008614
-1.1167540477785878
0.5150188652061203
-0.7500838639155145
0.2824836524483984
1.21042459422752
-1.1595210632092696
-0.0057178661195655955
-0.9935093656368847
0.6275136751064779
0.641700264569338
0.747416955826185
-0.11278572225809688
-0.3028855347181165
0.8515618639784801
0.5511297964049185
-0.09526434011871807
1.5416784787184898
0.3353681054461128
-0.21107484579661404
0.14862046700241657
-0.05550738582947253
-0.3223492852988625
0.4276470241177165
-0.9722457026221059
-0.8838909513402728
1.2914198058235904
0.312688742679616
-0.6812172932255444
1.1229921543969839
0.17016260388963975
-0.1667038977128709
-0.6573349552287415
-0.8669140524865415
-1.6369088063898671
0.416699593264156
1.0362753345104185
0.003321546859326452
0.3813872090615117
