bobot 31526
-0.9615260233466589
2.161154194327766
-0.41617797531765716
-2.2641489579746916
1.6695279701429477
0.0064525658816042275
-1.0644915203417802
-1.58908397030936
-2.004782311440804
-1.4802531755797204
-1.9355717979698426
-1.475061736832995
0.33456180967196403
1.7864959229448487
-1.3822946217778553
-3.215467678456677
-0.8614144729897317
0.6045723168776911
1.6420851047113674
-1.0100806427198592
0.8649167326926208
-0.48272213988700585
-3.3343704750936056
-0.29441172020690654
-3.07446979971867
0.24819917767059355
-0.2849382727182133
-0.007984341325013078
0.9100971015456183
0.5765561518984501
1.9561125960663108
1.7166888363730024
-0.6756522553275693
0.9924649574007194
-0.9790491338066862
0.02154092151905091
1.4942822785972119
-0.33627180041541116
1.5431585046418514
-0.03743725082889092
1.3865286199636901
-1.0167205274203168
1.0914815460278309
0.34997789993278616
2.2126665427666974
-1.2254271728848625
-1.7046063331492944
3.251558790513448
-0.792044482881615
0.4889546853166348
0.040639452696727696
1.4764582713415195
-1.4108643852902347
-0.12554033311839896
1.06134523363372
-0.7014505685439609
-3.107312307485686
1.36927557738202
-1.4918985064260624
0.6502742608934189
0.7580489719844727
0.943987105721676
3.857360617660305
-1.2827483634110575
-0.31111732002373516
1.540065755792613
-0.23094827688733593
0.36188062479623423
0.6599588250047942
-1.779847983742243
0.36452403697775076
-1.6115196487312198
1.2446142203477624
0.10348715226331845
0.039471339859725535
-1.1892137699602612
0.4418202906963272
-1.2048020885305875
0.13493862001151796
0.4607894370802901
-0.9953781286720061
-2.27248488745439
-0.05572639203896365
-0.5059973300852311
0.0209918801706956
0.1084190560380025
-0.4253707194544692
-1.146494188303119
-0.8580998760338406
1.1206558913398534
1.4083764441727218
-0.5525313179445065
-1.7108261755779235
0.6028662328684351
-1.5252930400050804
-1.090102552748455
-0.17027773821420544
0.8780874328461429
-0.025808738369743275
-1.3541227478938769
0.17441322988403785
0.908977599316969
0.784839692207707
-0.025458806358607616
0.7307007581253839
-0.8425662375248404
0.613034427602833
1.0995878243373982
-0.7266007903242392
0.8106981156765917
0.6351519838922394
-0.7467389239778021
-0.9837480320985672
0.9295018733782973
-1.6069173692346008
1.2560794407533324
0.061502410530347745
-1.6863630591513261
0.10422518146201115
0.9431354715647012
-0.06040237662927586
1.4074266220047558
-1.0743206775483252
-0.3716536048017244
0.39493273874183055
-0.8311237912829054
0.002676950398983524
-1.0927432393470595
-0.22108891274204195
-0.14941232559330972
1.7349993608053873
-1.6963635044370864
0.21159299920986976
-0.3045294200418542
-0.024183886554642157
-0.3772557171746114
-0.20731278789276464
0.26363707858242497
-1.2757491716789449
-0.4162760093674113
0.22275470710781814
0.41175753114280367
0.4065642188183178
0.40367944479247214
0.4075821430387438
0.0362717651178992
-1.5334376063703887
-0.0073998461012168
0.30308442916351264
-1.302958893830866
2.0925920669975735
-0.10064154801127734
-0.572655446564194
-0.7514758924952645
-1.371046614001144
0.09664615453405523
