7 2633
0.06553906560885053
-0.9892318218406352
-0.8564967391653129
-2.0680855860167537
-0.08511585967791649
-0.5687918398263101
1.005852259964672
1.1529767556380806
0.11046057646673188
-0.14518471885003853
1.0017592164186133
1.2111626308519527
-0.6810747536165705
0.3558923573834633
-1.1628367148037368
0.33604374903821044
0.12060046428697832
-0.7843915182491599
-0.006161855258881285
-1.5045439283121387
0.1606017158760717
0.4303820383704855
-0.9290479425542248
-0.12750186768411767
-0.7841213491962022
-0.4940490879730217
0.4047738524888789
0.1177977109897912
0.2588209084533879
0.06860150221787094
0.2115106871936456
-0.19502729739768115
-0.4857823723088161
-0.431951407965077
1.163809478480849
-0.9164715442173441
0.06424122875408458
0.009529704844781939
-1.4516890753150113
0.25236085487142224
0.18338843092225002
0.30125956858661634
1.1365046944311268
-0.5741974853211254
0.16017645702868683
0.7206712520578542
0.47819912691542377
1.1035928519367504
-0.32077250983236877
-0.8688113492009464
-0.5942314375549127
-0.4805814710614577
-0.7499953072588819
0.9313018200663099
-0.24349330509547942
0.49760288984042644
-0.16531864946032815
-0.45972315226949195
0.2831063375428561
-0.504435831863519
-0.39109475097413177
1.014247564808191
-0.43642417713867115
-0.16676507129584167
0.6703090514699666
0.14878548601227837
-0.4852823204946307
0.17329928541286757
0.8715222336279407
-1.3293446857066136
1.0667223415540248
0.7293078354468666
-0.17115034865867612
-0.12311353928522933
-0.6483625679657236
-1.0482883994003247
-0.022350838662951983
-0.6229659865730598
0.6406831765583418
0.5787885865314899
-0.5652418921125973
0.8886329586851311
-1.2451740514860004
0.36626568820924776
-0.11730776798889628
-0.10136759604192225
0.6473875746376233
2.527013025487435
0.16393886181244546
-0.40951339923856656
-1.1247135492120366
-0.7454181593125286
0.4455725281282047
-0.618289942159001
-1.651857312951145
-0.41551710201867076
-0.8712350411136788
0.38740918220825354
0.9555588802413769
-0.5883374182572185
0.039128187442589196
0.338989061874451
-0.5390951680186985
-1.2626432945901405
1.208696794834109
-1.132085786204234
0.2980623551414852
-0.5207020513928544
-0.2559319908569756
-1.0055271850032519
-0.03148413800770374
-0.23266543510712875
-0.4149101309142603
-0.09447037822235232
0.6306355541404375
-0.2940099088442755
0.5788301371346021
0.8535974935218769
1.0902014577052155
0.5081149406681051
1.1057828852314635
-0.19844478298817814
-0.7274850086304004
-0.48459010903283567
0.5539880618812185
0.6622485575068022
-0.8371940764993857
-0.6608319897987519
0.6839328988119143
-0.2737787180726178
-0.24287405857717606
0.8527659403485323
1.0342551962566504
0.7827846303381624
-1.2275398104858404
0.21561753314969517
-0.8341751732564995
-0.7934781878921493
-0.9561344850568778
-1.6204662800602356
-0.5530268603052791
0.041479687087190784
-0.7754890445699528
0.4139465040037881
-0.3852495051932216
0.021270091015189035
0.24464863972623435
0.2095624509497127
0.5158766949815662
0.47891560135348726
0.1178345417766527
0.500859901108621
0.25489762718659337
0.6480692381921243
-0.04462358067684802
0.1333036497289286
0.03634367823326681
