bobot7 962
0.9900475964450115
1.6631105020040786
-1.6572565464870013
-1.8926873973284062
2.1747186925231174
0.22889741510203143
-3.678361059968503
-0.4717295733074964
0.15397164077884665
0.07162122744829857
-0.31412121815701965
-3.210264041193331
0.6064843023293311
0.3008290489487509
-1.9272323588038631
-1.2560123783106123
-2.066322445343578
0.3158630998569795
0.8848386376734193
-0.7973397925374506
-2.612466812698205
0.9626176150409633
0.6885489655288434
-0.27118318137773445
0.7515805429021486
-1.050157230661809
1.0561281664487656
-1.7403215973002144
-2.0626855259926478
-0.08510159467354911
-0.662952144416644
1.3717696003601685
-0.8361762043346415
1.0917803038430858
1.171134637631331
-0.25900881565251177
-0.5636025168002217
2.1062100217149893
-1.8139824141335836
1.5358119399408745
1.0042579610211935
-0.34955100443143905
1.3569563238331332
-0.7240843033828155
0.35925372328814675
1.2756119342121066
-1.0467731994955205
0.37995394381863373
0.9601254979570122
0.19844973466008048
-0.7220045474550449
0.37224332390901477
-0.3623279116099795
0.6630077650340667
0.20726813259742882
0.7887501380801336
1.154217088179292
0.8413593473872419
0.7411610830426975
-0.08931896214482657
0.27406088998679073
0.547944910703488
-0.22745529602129624
-0.7098542023288886
0.9982812735796698
1.3697541735842624
-0.3615811334489362
0.0034229780181846137
-1.6282497743946491
0.43281548037431516
1.299330145934197
-0.7784248194154264
0.6235509081577594
0.7152788395507127
-1.510288514458463
-0.6246244420805311
-0.3736697466466453
-1.6194045678880815
-0.8501844243093978
-0.4353128236036051
-0.06493638250997336
1.0425696327669016
-0.23928706229158386
0.44409173548612413
-0.61438605035248
-1.0251377945900857
0.39793084612459284
-0.6432731958474892
-0.7479757391573294
0.8258820060419583
-0.5486242820733832
-0.008213382984647855
0.11649607790630845
0.7127955297583082
-0.03595971109874226
-0.6962576070331764
-0.7337899643137769
-0.38073817150514677
-0.16788704985923963
0.651038422993494
-0.3168585173510279
1.0140375324768904
-1.0231625884302835
0.6532090854272746
-1.0090165137965204
-0.2868155670791035
-0.17109654806492886
0.012252816775226466
0.4790668535959935
-0.6328013427943651
0.03446309176236079
-0.5334196803404769
-0.7008754674998168
0.36807247237594704
-0.3101866976781458
0.20641567687140555
0.30891748833468013
0.18290907711875537
-0.6670802795568078
-0.47823554987200084
0.03864350417478041
0.9011493899859033
-0.22988715807837412
-0.31268744665487036
0.9699271960426605
-0.7412428439469843
-0.17403720977837617
0.5800417563344253
-0.8978934738728925
0.4784814401445874
-0.6857600102428028
0.3111221668166487
1.0778709529767916
0.6005878088636549
-0.7430830596632358
0.9065373044953953
-0.553486928960084
0.08945394072532226
0.7480808170894881
-0.9879081810280961
-0.1563344240384521
-0.04542165582148276
-0.6391123625862809
0.7652083228161259
-0.9788230578520842
0.8200612908583822
-0.6934904045819621
0.7259821905061538
-0.48473009227785474
0.40707736111864024
0.8185961365048198
-0.6171429001556287
0.5360320593044517
0.339472853123727
-0.03051111960550676
0.06721564790937826
