16 1977
-0.5670255668599385
-0.6242485410408495
-1.1188262833703333
-1.5621294323894288
-1.3491641058480144
0.5390696434175047
0.014873533818063472
1.6308186369766022
-0.0339121926963626
0.9936861477921461
0.47590298857326063
0.878775104005755
-0.30751492455097035
1.075261950870157
-0.5500868252541757
-0.12259168456315456
-0.15418213370143619
-1.3705593540654644
-0.3608740664853927
-0.7970588193157123
-0.035725904168598055
0.9818332885670782
-0.3480036190504227
0.09217506575587536
-1.3043420366366303
0.7091150322162059
0.6025292611570401
-0.9795892687551309
1.3837811603544885
-0.2824005712156994
0.7697305588561801
0.30019417396674214
-0.7997092082192397
0.07788442273638488
1.2069649749099418
-0.2633254994398257
0.20013873452552233
0.6386555108935763
0.7319040878971212
1.1451840937555464
-0.6971222220146713
0.6084343990144573
0.228780276494957
-0.2769979536062508
0.22787873243884335
0.2865404690420931
-0.3915797559151793
1.127078177389014
-0.49762060076223347
0.6110085632124298
0.008395973983746391
1.337089139359325
-0.5824596161493558
-0.01873676162183177
-0.49632527663759296
0.7560654806990065
0.6636325976435613
0.8215478788231467
-0.7101282651423388
0.032023855107737476
0.693699112419371
0.20920983848841992
-0.4534637438927732
-1.5275618410180514
-0.7296806241172236
0.2386612441620156
0.18030337936172738
0.33696597854804233
1.4217432868615758
0.19395092863560132
-0.1132249107953287
-0.9894255389120147
-1.1191093603002011
-0.44165067826943544
-0.5658508267984651
0.19389737094965165
-0.19090015011361894
1.190524974793083
-0.6837409849192928
-0.15466092852556232
0.5828360009232126
-0.9803586508607844
-0.09735320633710018
0.8002180706010891
1.4070575782998358
-0.8420924446590339
-1.1585480824744794
-1.1281127982927925
0.1861089311589656
0.3472516875818782
0.8809706736641288
0.2666370459659458
-0.8017493140367692
0.7851274426461793
0.5564431465034794
-0.8728617085580784
-1.1251502503080917
-0.3841396482474809
-0.08429667834369114
0.8705037256171428
0.911103463773532
0.20260605834629075
-1.0221572666739511
0.14039117549451952
0.9877238943057299
-0.8738963768971859
-0.9007200906005219
-0.9404792803167183
0.23308749806610135
0.5834249590924114
0.41927761076751024
0.032326521385113605
0.9102752769508642
0.32109989878289746
-0.5985353268370065
0.31971587007086877
0.24812497225199362
-0.13466802316367857
0.8981862045019875
-0.6000477265135713
0.4454549600947354
-1.1706057604999482
0.27871938548931574
-0.1188933215512159
0.28908139081401063
0.40088273958870263
0.19422654592940036
0.4905049398806192
0.2373985234814316
-0.9632420548151245
0.46071462464341906
0.49424083982649725
-0.7690932525511822
-0.80047904341476
-0.18788990960285382
-0.38408025208392693
0.053413810754075586
0.8833544691848784
-0.036610295365303025
0.6382571108932603
-0.7031787032981593
-0.7554031973314541
0.42107191595739485
0.20044948448936983
-0.09701947966099381
0.5963882073429245
-1.0492565118100805
-0.34839613891223903
-0.0537843624896151
0.994810531258524
-0.2993856270860231
-0.9118405122360337
-0.7350174952534881
-0.8636717635068172
0.44989529486326046
0.8506039144524534
0.9280848623807737
