Type2-4 359
1.909684859735601
-3.0310339090749565
-0.43703464787141066
0.14842018698177162
0.4018209141388437
1.6831740437738432
1.8520486429594836
0.2544145651557383
-0.3099494550410958
2.5423723154454563
-1.8518649877348847
-2.8457139922283563
0.9203333606944667
3.0423306466267515
0.09630072720244115
-2.1247184625272864
1.1634802625984593
0.19140963925608828
-1.8129208596820334
0.8790107436588803
-0.9021909799118994
-0.4795431439869988
-1.0787452677377563
-1.4656474365267547
0.143233899455466
0.6897594159793229
-0.5944557268714769
2.387760192982939
-0.5209094270308356
-0.13441044370210975
-2.0660147183099093
1.2445604629417129
0.37552568577683415
-0.29183616764421955
1.923595698360958
1.4784225571857204
2.155827975582365
1.3170390226661164
-0.7535833868823543
-1.248166383339286
-1.326566221936119
-1.0198668848260275
-1.778238588512572
2.4279920334572407
0.2566674543775289
-0.08910739404195755
-0.8751076139937156
0.8205098514357175
1.6136115555212498
2.0444630390701772
-0.5540516947318209
1.4327965674837744
-1.8412921114489114
-1.3540823031031293
1.1887222123935182
0.03365991434762783
0.12575913841186648
1.8063785962294554
0.09005919748526542
0.8258241508501366
0.12276124591366323
0.03605307681966189
1.2422617285533382
0.8582930664313029
0.5847128142914713
2.206015382495617
2.4011638708745515
-0.6136978892665544
-1.5508303025189247
0.04144538846266885
-0.4301957775907183
-0.31601176822601823
0.4908784130430731
1.7868645231585887
-0.29453535182465973
2.334626811097529
-1.1842820088272163
0.624877562696025
0.2480639196734614
1.3407534120142512
-1.6728199052873909
-0.42278304365740216
-2.7346370925719006
-0.46651814890983245
1.6535060529538612
0.03694997200395918
-1.827857825886598
-0.21555225282324014
1.0490701283711679
2.7924843897225884
0.43176946601062394
-1.113817882859282
-1.0707403713449404
-0.24683983400750165
-0.9597013758456469
-0.8248402459332049
-1.0401500788993892
0.7816888526919683
1.8646251320543379
0.5915714190176738
1.654270958342856
0.09765395926535497
2.1539647412636596
-2.502733044244057
0.7299872459333512
-0.031556019486525144
0.3596665721094789
-0.3330623134172266
0.7928252582722868
1.8746746589697494
0.14152364308964804
1.5322071626606117
-0.2910749692392042
0.8131136183696277
0.9069961783855957
-0.15745842457378476
1.6068592022620207
-0.8556854535140541
-3.4666877257029767
0.852015068649361
-0.21300799482709992
-0.4855771129230595
-1.962957536973123
-0.16706920039174333
1.2059655612266063
2.5023740672982697
-0.011347419972839307
-1.81339676208951
3.019954368522177
-0.813699792463825
-3.566745794028022
0.2586529976713644
0.6082307475031457
-0.23595861936232435
1.2440706715801182
-0.4559496477168191
0.28683457407125806
1.3325934981911458
2.365249864760476
1.0510577544199895
1.5698215928333834
-1.6332890937208946
1.650716805110012
1.3027731942536067
-1.7125980773500025
-1.0560226408752542
2.441807256336669
0.17291085116618485
-2.6250167197706173
-1.9602257316630303
1.8391500584396172
-0.6383774664542652
-0.47025086535404315
-0.6732468138031898
0.2843258635282965
0.2654140457319642
-1.9671850484991373
-0.9721420733723811
-1.6634378383930213
-0.7360393378940915
2.2044346157169388
1.75614184531764
0.6760828416895445
-2.2394642426091353
0.13687919130468967
-0.9325804228732595
1.4980268307143652
-1.675733945445535
-1.3911650001959885
-0.4472608960343082
0.04778545088545286
0.3676836773121765
-1.118881358258414
0.4819391294731376
-0.9540225554695857
-0.21807216445769553
-0.7045666463546387
0.2294281810873448
-0.210100498263852
-0.3839266852054514
-0.8775196870821352
0.5578272485784133
1.2112022003831378
-0.6748139994715922
-0.6865279942156315
-0.3412859398275215
2.2841452505844275
-0.45627011217923835
2.29989901892291
1.1497650879514145
1.1828969893746535
-1.4226042296778005
-1.8075187223795677
-1.2712089904754371
-0.9711781545205999
-2.356775718711406
-1.6759707869473721
-1.9478658009455454
-1.3946508718675552
0.8297133698207221
0.21230596028855914
-0.06550052607609413
-0.2967138719739513
0.7425990350141642
-1.352709089039964
-0.9948484661967151
0.2675593657075961
1.2664454306685662
-0.9786548874221926
-1.1850074140181186
0.15392330522585412
1.7973920170135915
1.2734645197645234
0.6408978504855599
-2.1446851975448187
-0.44274159082905395
-1.0402331024196758
0.8181559942364789
-0.647708217505291
-1.3195624832969233
2.253952297414521
2.5438046546810393
-2.9916635680529695
1.0825062017873384
0.8180196929339346
0.506935852619129
1.1479504932804567
-0.2032380612665563
-0.7734336194646257
-2.145594473169147
2.0045150827243674
-1.027557391776921
0.367592096121905
2.6869891107814907
-0.04214517566884651
0.5138573516774574
0.359274900909888
-3.1244984295551945
1.9215298607728997
-0.6763868040608184
1.286315068115647
2.2401171774456965
-0.25593332389198997
1.5820951996341628
-1.4932196978330308
-0.07075538785243353
-0.4841285735803365
-1.1372650907292203
2.043260824968545
-0.3715942495511705
-1.575090755388528
-0.44592582268784225
-0.5023723591465603
-0.9928918148059795
0.21648743452293462
-0.1523346780356645
0.7198657341555189
0.5123995595549886
-1.724375864969222
-0.13400222352542768
0.5478184481973205
0.8235027585435302
0.70197515032793
-1.124575548507462
0.13224600739872466
-0.33126251330966117
0.867441023575596
-0.5607662009653664
-0.7659697329756106
-0.5104022418006814
-0.5788698187974669
-0.27486947347443924
-0.14431718395609483
-0.9418606178028782
-0.800094615418358
-1.0444756538420257
-0.0439732956987855
0.13671288489824507
0.3420741363616566
-0.4912243102969056
-1.1481188185042608
-0.5690153410380596
0.004121761817187819
-0.925462789759556
0.5466582436613832
0.8938075910035994
0.02994444960386969
0.47005313520664704
-0.19799932131142595
0.32459230808007833
0.4909067117707069
0.7898663194272648
-0.5346000678324219
-1.2394542229168417
0.1691226742063745
-0.21760031138273805
0.8874470442701593
0.06496525655068375
-0.31116230189067495
-0.171696012967558
-0.0697106670619618
-0.2681982279578121
-0.04653344186494279
-0.4632675261643826
0.24073223585277392
0.6012360230969698
-0.3412564728646214
-0.8251452718344761
-0.3376129426157195
-1.0173298295982718
-0.376667223193597
0.989586266540208
0.1297741231687839
-0.5215516706474459
0.6396386285652533
0.06510026142642755
-0.8594202858460591
0.8443651256156297
0.7580817599281453
-0.4596140751769654
-0.6728635093706002
0.3729150604883476
0.45247032056602854
0.5976874346028684
-0.8438269493784216
0.19579020172880912
0.8490024408086267
-0.04779845273522132
0.5720537092293201
0.5593187122887744
-0.10422437158399547
0.4899883048115016
-0.5465641664062606
0.05277222262813906
0.9781674861337113
0.06565399349435597
0.7811737553381457
-0.03198114492434172
0.69139889423251
-0.6359651532862796
-0.8461106796675604
0.1817511371773053
0.23969632953204306
0.3916602756942904
-0.38833015156530554
-0.8190379870592406
0.8429013460144446
-0.0957571323513291
-0.6967864935633328
-0.7657286188076198
-0.7833230786481444
0.18661645905422364
0.5107340898131345
-0.061139498854925534
-0.5427871657932646
-0.6912824236298997
0.1369529510916241
-0.08606524703395779
-0.6550296299480418
-0.5513924570760135
-0.7854481103809237
0.27060235704267477
-0.8668552218374566
-0.03563477009814964
0.6091774770972298
0.05448683827520817
-0.23783151518469492
0.7401816966051813
-0.0030097812114408817
-0.021010302770917297
-0.23150266626095753
0.13194078936481657
0.9307117102785836
-0.2725630943427238
-0.4669924524808464
-0.02548073047911563
-0.5865334679341787
0.9847228111074242
0.8102061543643331
-0.18423053499322206
0.8080736677664635
0.379669912590743
-0.6656186787462122
-0.3989242997867216
0.26229748330625013
-0.6277338369997787
0.6828731452102119
-0.7987661817078463
-0.19958093126154997
-0.5786127282998441
-1.0025134008038896
0.95917660256603
-0.4739007661061476
-0.20030107638042816
0.2219575687931601
-0.18919331042910165
0.2181958441828837
-0.44788960166888914
0.7175695404723368
-0.4304031918668825
0.7018167269270899
-0.7648771443349711
-0.7862521752465862
0.7084248230664334
-0.7302066903237956
-0.6973623029238711
0.7611258235951464
0.7980375007280889
-0.6357375565705856
-0.3998423918813865
-0.19746173927397742
0.6346372917638272
0.5624366107983736
-0.5238603012174619
0.4962922290166416
-0.13631857358300525
-0.15095147333382708
5.115565868895056E-4
0.6681763311929654
0.16654295617725645
0.9114805386490044
0.8882895714813794
-0.5499563081710082
-0.59811908497362
-0.8678461184449789
-0.3949899177494658
0.8270238881662306
0.8739027414095311
0.7780997012126878
-0.14454823981058168
0.5002475795299708
-0.7890521539103938
-0.24478216736259384
0.7488068694704038
0.18127125391055432
-0.6769328437835704
0.29635296153212737
0.3730782401329156
-0.9538826124355297
0.00819409188463685
0.8815632613132687
-0.9532390853519308
-1.0936432963694227
-0.40984077917622885
-0.4044196440586385
0.126055569986663
0.24517052512298348
0.5161227162636556
-0.03532431491650989
0.42797680940649785
-0.5374690630823182
0.15456863056431128
-0.6824063526053966
-0.6720083401349424
-0.2954784422318163
-0.27242250298799275
0.37731608214964574
-0.7145561530223954
-0.5933568609653235
0.17841055669875172
0.694119815053907
-0.0989331745423574
-0.4572641019537873
-0.0923532438915915
-0.5316297826541381
0.6273690482376808
-0.5313975567069401
-0.4528336915506337
0.8999498829172405
0.6788657804419922
-0.6243680852316129
0.6120369203887296
0.13018023791863487
-0.2308992691267179
0.3866400285885837
-0.4107928937011027
-0.08397257527061197
0.22722684502384372
-0.2808576279428239
-0.048365743619107615
-1.072145894029573
-0.10978894634933214
0.2811746035263601
-0.4045450427976549
0.7461088739774708
-0.9634950337645176
-0.25445602517676535
-0.5883538343914307
0.8084171047573534
0.2620425226227183
-0.7805696713517931
-0.3687917705678849
-0.4522471389837117
0.6765058431537594
-0.4863256668862335
-0.700391604966558
0.6641597822928611
0.23488276282566933
0.999060474234146
0.7234735869949551
-0.7815190480957739
0.011205572786328277
-0.32955858071055166
-0.07557795615984102
-0.7540619785163558
-0.12526030280372114
0.35042455128071814
1.080904932677111
0.060364442787581296
-1.0698854723658338
-0.5611716787226648
0.4054858607014362
-0.3339201475332829
0.9811154416333199
-0.3470391100244412
0.25582820625775704
0.9274643051000917
0.36631273560300937
-0.09290604016470994
-0.377812542590668
0.8347755965766886
0.4683021322876204
-0.4200870358420936
0.4519881225356619
0.4486984954893358
-0.6067256383362452
0.05737594319017103
0.18062889082196612
0.991659665076429
-0.4986045170247617
-0.7590962971425987
0.04557838676632331
-0.4129385658827056
-0.5031135016298491
-0.7431762579799052
0.9798052517435354
0.7050910495037702
-0.8214955948402911
-0.9932872366291943
-0.06761873660659856
-0.19213481685778866
-0.345371022894869
1.1696485329626916
0.37070990367727585
-0.2065312421452792
-0.7948889633481575
-0.8845164429028014
-0.4200844824445529
-0.8677852919584512
-0.005962729900715447
0.14693031824293046
0.5111447620795979
-0.6635748528531957
0.20703237902214416
0.3420261752767602
0.6378081397612453
0.6008991920774787
0.9482706467424331
0.6617486852054523
0.5322006784963063
-1.0606955952544321
-0.9065263348853148
-0.28675399493237147
0.025535206663998666
0.7607965299821253
-0.025401787974380502
-0.05831279629097663
-0.960206205781249
0.9523438263175048
0.5476266117405002
0.5711326534844423
-0.877944729752613
-0.20462783933444872
-0.18333897052836123
0.8064462657381091
0.13194102794718066
0.2604874876778101
-0.344827237578317
0.3579897630117215
-0.44829419682462135
0.3610276877206524
-0.9126966415759326
-0.7431934041896615
-0.03930743621173549
-0.2610006198116941
0.15478767596564236
0.999148953741539
-0.3574595168774724
0.9309469508167664
-0.2579354646233665
-0.012747037237017977
-1.0301343953142623
-0.4741358571545271
-0.8185001862776194
-0.045169119906558475
-0.8075586002482069
-0.23371774682634427
-0.849027320226941
0.7616638184774718
0.6197469452191051
0.5266524956270919
0.690155076776596
-0.6766969071707816
0.7320310706217499
0.6073010249610701
0.973038522603412
-0.5516566230701314
-0.5499223135080391
-0.7382600737320758
-0.35578147967916196
-0.7109535842330554
-0.015356419811640931
-0.40948025862682347
-0.018574214069664752
-0.10847893565294386
1.2115630810705487
-0.15301024735628144
-0.8787440319094778
0.6925414911710541
0.6471007247883982
-0.32048802903513973
0.18660385310551075
-0.0578318394885744
0.49827998854954886
-0.6178065687157857
