maurice2 2009
-0.8002739823978434
0.8640220754034155
-1.244605477934995
-1.011420537685235
2.3874425547735894
1.3567911299363302
-3.724107231418543
-1.1022943045106475
0.4986991477075117
1.25853781829198
0.05656379969026235
-3.2235280001964246
0.626815739086413
1.3695182182207264
-0.44396100684531137
-1.8415277800284797
-2.7491981626194306
1.5097260314122418
1.2892739716046449
-1.167214762371819
1.630980298280506
-0.5891954120822772
-0.7038803500300257
-2.0943933761927074
-2.7347433714948552
0.5433659433489236
-0.7179691682524089
-0.8920094448361822
-2.1158948631586547
1.4391039060702169
2.1771682766170435
1.7548145923491594
-1.020997584894472
0.9300466569802575
-0.5432574781630264
-1.838097060341865
-0.8714523411555677
-1.2781614195783049
-0.49883458783113455
-2.8788755410094073
2.6650055429462514
0.3905853389242474
-0.3959745325119283
-0.1887730633223683
1.056846011099577
-0.2011338253188683
-1.205980669067036
2.3025982727936176
-0.7970956962426361
-1.147748445223527
-0.3385284091696076
3.499918005255333
-2.419425211139865
1.5383115398043938
-0.45804662195312607
-3.327859743767521
-2.0734838456433815
1.3130317840135148
-2.3395080889085262
1.5228970016836008
-0.846879046569991
-0.22342031842257493
1.8770353526983665
-0.766386866870826
-1.9408416146181813
1.1844746721441453
-0.7061601536953568
0.5076666865389251
-0.19445407584098484
1.2479813278942304
-0.6283886104040856
0.1899846649528671
0.16534203717996035
0.12389295953551885
-1.4449945817003487
-1.057580773130574
1.9462859646834474
-1.6368400505842051
0.43891101008601296
0.15514042954671275
1.2894058496804597
-1.6691257926947827
-0.12318512702429597
0.6916743481267963
-1.658109631806214
-0.6075050243765067
0.2572649832729857
0.06109608611421542
-0.8584013310606692
-0.05849820626985505
-2.0210414183336205
1.1393873260315233
0.27119028743039164
-0.716506611209438
-1.07007076481372
0.14694483214604762
0.0032196099543620738
-0.5949237985466882
-0.42578398055195055
1.502559517208369
0.4550390213903439
0.7487291466666841
0.12207519619537466
1.1837938986150256
-0.016695236400290858
0.31295502134762
0.07261145024903709
-0.11577276491755067
-0.628522189820051
2.3313411604493197
-0.7213162298947547
-0.5344289801472035
0.1030634240178607
0.060690789894915165
0.09303515444816877
-0.16361654866129594
1.5105716425645683
1.0383312342741235
-1.5799016383061286
0.5039350881489019
-0.26469265296951716
0.3893980152143807
1.1254270812900242
-1.3024914014298965
-0.7735888309502431
-1.4788678020323398
1.1464875515551944
1.183954092133646
1.3827078009221
0.6579996233810997
-0.7863176159787268
1.162927285434617
0.6374859368416874
-0.6176114886752546
1.1846030232774385
-0.05734609663333476
0.360320060394199
6.214259904919542E-4
-0.5010661839124135
-0.7163215575671185
0.3217280936312754
-1.022525444161306
-0.9918146661072835
1.2914198058235904
0.13857509637645354
-1.0054522933698882
0.6604964371064026
0.30854615272913366
0.1337080775738902
-0.28560893746164917
-0.7229542998696787
-1.4675898111738932
0.45056112609494625
1.1060949233283337
-0.8242993942347114
0.4025703745771809
