32 4442
0.627910442497106
0.7244113882732219
-0.9802684695488564
0.9304865443398102
0.7847518982251549
0.230606566105992
1.3499498014442162
-0.43225200363550703
-0.3846337391843113
-0.02776463392404227
0.5254486023017935
0.4814669379225625
0.9106267686859504
-0.7641331852201328
0.8544279946339767
-0.12481015616937208
-0.7396444160392769
0.031870183196380825
0.9008426240135655
-0.5294937283170029
1.1913167196310903
-0.9665219241944696
-0.039798763650662955
-0.3251702749553456
-0.6253541111339875
0.010822208927136923
-0.7735464644901862
-1.642392897239992
-0.2403181403139616
-0.003069886342889211
1.7918848926007513
0.5491379547646392
-1.7404231490413813
-1.910398636487789
0.44760483110353977
0.855532625906612
-1.6176909108273954
-0.46129851009136724
-0.6189466489193014
-1.1004215586684916
-1.4574938375893727
-1.9409115387631828
-0.34488646664774025
-0.10362305020928064
0.3225087227315559
-0.9213727353756996
-0.3741215585484916
-0.37887047475487146
-0.2906948643755372
0.1610363736402361
2.2913659323320323
-1.5266840964193116
-0.5017993359698945
-1.172516375779414
1.1099827878053237
-0.33825032278032774
0.4926185508873733
-0.855243556604856
0.5069407544098224
-0.732552066694327
1.4375641876130372
1.1624826005662952
-0.7692641367433927
0.7213723181358361
-0.21026473123911182
0.18898113946985493
0.30820204208073154
-0.2228323716436273
0.44780118712910133
-0.455751254930193
0.5139529377529116
1.44308756993472
-0.8250049598717726
-0.7152238126983632
0.327478449772145
0.661876876751333
-1.0646215991787815
1.1338324952488357
0.41582768612275617
-1.0802818623156587
0.4409108077471401
-0.05008691212565075
-1.230625262027929
0.04126970043441591
-0.7423405652168782
-0.775276731893092
1.1246818945549333
-1.5329304283823475
-1.898107222733318
0.6560130284741952
-0.6411092607733524
0.6521359313194526
0.683055520648585
0.1926236206817883
0.43303295836226363
0.7839568881103669
0.37087839447053256
-0.6066856103744948
0.4605992375928232
-1.8193640023752367
1.0308927475281517
-0.02668054834944386
0.403760175385531
0.5000035165818789
0.02424634209023606
0.10526840097404341
0.4851803017752814
-0.5121174792732615
0.37704018460283206
-1.3387659672504946
-1.051196896101478
-1.2420402550463552
2.3144703615947266
-1.3519424363640542
-0.12697140926337183
-0.8779029359604728
-1.8357484042061274
0.6040660264460533
-2.446367939150997
0.6140630074709756
-0.05823173054742893
0.32040085847549676
0.6849984405893449
1.046507160832228
0.5428336874817836
0.352751889697261
1.6024429734563264
1.971826775837619
-1.4900560423099325
0.8106632076228923
-0.9486812327725697
-0.285428334341373
0.06728780855212216
-0.5347010948341899
-0.23246430255667644
-0.02274545249301365
0.12175609424537417
-1.0203796325807684
0.10036761050035256
0.24019904358234834
-0.411298941102927
1.12387405541763
0.23791894649603795
-0.17211739184220182
-0.6562693392863418
0.5789110098782667
-2.0757408092360494
0.8493324015282506
-0.36549920006510805
-0.7430272558516546
-0.066747696982638
0.7070025861093471
-0.25561193912275176
-1.421182546773743
-0.26133149980277376
0.7268006857890046
-0.3980711598692665
