41 3667
-1.5806262701858147
-0.04978676114167535
1.0172743289774515
0.06800426021188657
-0.1566364212095332
-0.1682427616835646
1.9682281158079913
1.0025313667458446
0.7238451864358395
-1.2302883929176214
-0.22557113796811795
-0.27720490871127823
-0.7783715675218474
1.1814100991404963
0.4720336402993358
-1.9425766113612806
0.8244118844884448
0.7272400311623591
2.1780971381382424
0.1920010215122463
0.19416768945221444
-0.7160180633450033
0.31329382630612235
0.46028195120017945
0.6139062031282307
-0.4063738560177914
-0.964272779529056
-1.3493446683151784
-0.1718820120741822
0.533407085193511
1.3972279970753128
0.47490832215822754
-1.120081067556979
-1.3727487990122955
-0.0891470021684711
1.1838460883128659
-1.7577106103246882
-0.41105101598863686
-0.39453235779624435
-0.6337345936518817
-1.6565169569476557
-1.9518092876750919
-0.24865774177362646
-0.3884015413409178
-0.4222510008068382
-0.2923025530620421
-0.014665235772549204
-0.5178366217079026
-0.41054759086293136
0.010260954824207705
1.918659727144948
-1.0533066879756023
-0.5766006836434583
-1.329196540659438
-0.10165604973886716
-0.7933801668628522
-0.520192663658002
-0.09346531277754203
0.36322228685482566
0.11023494200828976
0.15113663773315184
0.14510643367049775
-0.25551525043563356
0.4037283158263563
1.5434251716496938
0.25915988941552615
0.2720564461274137
-0.7826093527961858
0.6683153909085188
1.051423925448303
-0.006452831322389552
0.6760063894693942
0.6186400115735181
1.5550503997127396
1.5883919382267537
0.34008532932128116
-0.7512026768516321
1.5206933025395057
1.1461329972199688
0.8661544083780937
0.02553746307985097
1.2680131259613796
-0.5688683874903895
0.8250971802162445
-0.06106228323894601
-0.17015407665568766
1.0954395055949737
-1.2089283674955582
-1.3778700030797748
-0.6410890195131883
-0.8383515489419063
0.8017601148151955
1.1578910380761092
0.36199015743252844
1.0486254029123145
-0.10870571032079923
0.6735520227241689
-1.2174281107398826
1.0017494972670338
-1.2938383762382877
0.6808429707926298
0.764905122860878
0.4469583172628688
1.0235742222902164
-0.2141921851823811
-0.7752206434325497
0.46393311380773505
0.17103865356399894
-0.090399638535644
-1.4878156243295984
-0.35399410724249264
-1.230487112436691
2.0061962260646036
-0.8260211013504817
0.06815417091020813
-0.32957069661208416
-1.940008138427373
0.953230065603978
-1.4906429069778762
0.5575760452494216
0.21945027332954709
-0.28553606255324554
0.49054196239298586
0.991782197020545
0.7289370045907693
-0.07596367408059318
1.1424590778011883
1.342290042005014
0.08300148551690836
1.4500121582171326
0.13896406334093944
-0.08064611346628546
-0.09558456903776802
0.8148256201673747
0.9235070828825729
0.39659322455282553
0.2383467578397653
0.3929350832105166
-0.9176483593875622
0.2802258823811896
0.09954033493411779
0.5020481469229126
-0.09457053067811036
-1.7608354681825027
1.7693047053263324
-1.0373352196789183
0.15143785041902613
1.4588999661720163
-1.29208471012166
0.09914756438768717
-0.7092802814512134
0.4294442294451208
0.8663965897953023
0.12370762234367644
-0.5012796455500781
0.06988201453508593
0.23816882530032127
