11 5320
0.4563578755183602
-0.575733233344171
0.3686561549904577
-0.3958544261427921
0.6276025871956372
-0.34533351114245925
1.3398047133319841
-0.2297279901061139
-0.02271489300102239
-0.14084347372884387
-0.009672725869967999
-0.2031206670596302
-1.883704561631787
2.5409645450296905
-0.21321999878342793
-0.6435787668386187
4.299169196531061E-4
1.4273801705518403
1.5798381823795487
-0.28728087097314603
-0.45694505594187423
0.10204402065826909
0.18599128545502064
0.77781999822881
-0.050725472515242204
-1.5597837402641361
-0.03898404078512391
-1.674455381611019
-0.8830417290652754
0.7002340112888545
1.3831156632429913
1.3874698344664234
-1.4667108119773917
-1.510323464772509
0.0690361832986936
-0.13503685397367876
-1.4396152165593417
0.40791268666280317
0.0935485010083649
-0.22950841110720122
-1.0054951020010638
-0.31928971145697255
-0.8335266463154677
0.18095187076532923
1.137092979197573
0.21820832016696198
-0.31953912292673164
-0.8329176552875458
0.3616587857617745
-0.09454586161847248
-0.020845973446875943
0.028141210136308853
-1.1677052714155485
-0.7785926699836563
0.8193344632750038
-1.1812838059869577
-1.6629715431192327
0.8277759578249845
0.4929145809743192
-0.5623136059487883
0.22286525872206014
0.40329597149705515
-0.9093248979049445
-0.5171308895899716
0.9752821469760561
-0.27707041853247216
0.3911172218900111
-0.9066287453409761
-0.1582963938344869
0.7427664126600242
-0.9095862537428179
-0.13151893343230714
0.8537933718139175
1.1661987475942637
0.8759571245420974
-0.1171724160957607
0.15428680450762525
1.0889488235225393
-0.1328361307908312
0.8278616409233693
0.18861075125636095
-0.1795003942074215
-0.9943805708096561
-0.5075347160652235
-0.24265049573600342
-0.15431735087056295
1.122932516242035
-1.33363993665388
-2.0190223923295996
0.7634220053951818
-0.04294828478211493
-0.3924622500634035
0.1459705949747061
0.08236693292577296
0.1452440000395408
0.4586608832859954
1.1087074706490785
-0.8288463964021968
-0.15960884747403783
-1.3303999196177911
0.9036008224329635
0.7600382301312748
-0.23777911647689248
1.0920715961972196
-0.4791890344034608
0.9400295730104509
0.51905795584945
-0.3528591647589676
-0.07930727842217274
-1.6319109191243195
-1.5747527692833427
-1.0979028433510056
1.92779938152731
-1.0949432126488352
0.07342458382396824
-0.7672815034554379
-2.2914787203039015
0.5677531877160387
-2.4049273317514355
0.527737071034351
0.1441658135723639
0.11128778208724618
0.5645608227065912
1.0952008263968074
0.6542890635970752
0.6707496095490455
1.4684689173536043
2.717893654098514
-0.4624101483259522
1.3944618226476257
-0.8968811419335867
-0.0066150097874582104
0.781608505980418
-0.9430207360713868
0.32605429787157225
-1.4225908277599328
-0.26887374683154297
-1.1245864847088582
0.7577703088664653
0.11157168653835306
-0.9326493824525145
0.7834022067878403
0.41009355672830683
-0.024810041989045073
-0.9512046115170458
0.49827770871491245
-1.310978498213624
1.1384534026785278
-1.1638661675027246
-0.9416398001282921
0.2752930789018764
0.09336543010088241
-0.22657977328896556
-0.34481927221798975
-0.5350434666206504
0.5969257516541248
-0.3909577166358975
