3 10302
0.11502765435543955
1.8211339656351193
-1.0421354132909662
-0.8007758141946271
3.2956023782927497
-0.2981823613146166
-3.932235104561532
-1.870776518452236
-1.0691898792839458
1.7461256768908395
1.4869206785948113
-1.7324667214060208
1.3048579887303644
1.4286546871297077
-1.0460662332827897
-1.369708822707483
-0.5444391467960056
-3.4569734647813766
0.1623299762528584
1.0374443476566297
-2.385051165775914
2.3363449249151658
0.24614448489811036
-0.8979750213459894
-1.8467921608254616
2.4120870090547495
-0.8602146545352243
-9.669934711786232E-4
-1.8996598319433653
-0.5013330632502606
2.0831849723238864
0.40753937250777506
1.5802131964781725
0.41325666922835347
1.8106586589404479
1.044416581003532
-0.005287901301755549
1.6794107413949246
0.8839079845636397
3.421385229324513
0.5510302288430724
1.2587434139578693
1.7771888675035883
-0.11291457881164915
-0.37424962777977094
0.602490779445861
0.19753882345519821
-1.8563352554738832
-3.6920164421944204
0.614217196852914
1.554793082249347
-2.703108803923399
-0.7419281934649996
0.0748197951384506
-2.3944573831568055
-2.150369194996321
-0.6341115903369456
0.06311029697605028
-1.9791278831302341
-4.356086417253164
-0.776425124113483
0.3678963982907625
3.0235827968398383
1.5391888388284116
-0.22070725029260735
-0.5088467705511028
-0.15661873586052108
0.7877513291336915
-1.9577891873940505
-2.128515658195547
-1.166696269742461
3.8192039606531476
0.2409360828945818
1.19207433463881
-0.5435240149579572
0.5593565974044277
-0.2987246544405166
-0.03835380871354821
-1.1298817362286506
-1.5641513204579398
0.5465035796304486
0.6111121520819138
2.586997261221541
0.6828270472840504
-1.6143606138881486
-1.9197327340093142
-0.5824689819488368
1.676360405297873
0.05059887594331707
0.8237121070336797
0.6621740488182075
-0.954375602669798
1.1137905872896274
0.9824378855422311
0.6945789337044461
1.4837698502350989
-1.238611430299741
1.9591043621660964
-0.6113900646623535
0.21156925407570304
2.446031669916222
-0.7737331846594874
-1.362033650380978
0.12404905740710859
-0.32146233170279026
-1.7943145729308185
-0.9440004053693537
-0.8699002214016784
-1.5505695855176924
0.5248961079377004
-0.9533804226894549
-1.1795891387355064
0.21043384203561744
0.30750046235052164
-0.7611361396869948
0.19061638142492152
0.6898701724005248
-0.03460158030595967
0.3958409007267225
0.025934182501693825
-1.163666521736467
-0.14495579072613812
0.36193619169724467
1.1722473896568941
-0.68873288984858
0.23343492411560293
0.6007738916970926
0.7151515593364112
0.6946321858558853
-0.49913840927534925
-0.011397271246608415
1.181183725817856
-0.3637251110236267
-0.7581307191163111
1.2602108302533084
-0.04902728813702306
0.4157095973693964
-1.0728137911315216
-0.044544645046077816
0.5464424260840478
-0.45453611020442836
-0.8925327256763931
0.9731265717375192
1.1749728359577025
-0.2952821374026493
-0.6640698241893572
0.4963636756272001
0.4283054972228504
-0.22078076998549717
-0.23589837090651264
0.7200868166348109
-0.6036160619616588
-0.9898008265069309
0.6904460019198783
-0.1341345461911423
-0.1336062982312105
