bobot 263
-0.6839462661595024
1.1346819970686393
-0.30927118353903604
-0.7975627231182956
-1.0160183570758141
0.29909167579889706
-0.14450936186622637
0.8643441700785581
0.23081546882453724
0.11797389466093527
-0.12409607859412736
-0.07088366311746919
-1.0419032594569957
0.6058955812479534
-0.6103229960661671
0.4210339079479488
0.5115918654020607
-0.4090228490412754
-0.5969194849004379
-0.4063553589673781
0.17053915992363944
0.09593973247066342
0.5239417446793782
-0.1678289794993165
0.2581796457198327
-0.284443181864388
-0.9349194625442381
-0.2570097921749074
0.030543502789190116
-0.40006263777702405
-0.7501432826193182
0.6501177203374027
-0.7005116481026152
-0.0729102525449466
0.9152215488287974
-0.2669888551003782
1.2207925787715788
-0.9117822028030387
-0.7596998813896954
0.06688298788684627
-0.40499299132144384
0.2100962301755637
0.8178063850067043
-1.0590280634781533
0.11358445990939478
0.9915682082835418
-0.33562935231084795
0.8575461291166955
-1.1356480851575297
1.9224004255532068
-0.5831845172998333
-0.7287396884304777
-1.0177117877904935
0.0546946072789284
-0.8919799146214877
-1.1836476019329578
0.9714620805782712
1.5260831623498687
-0.2556699444757714
0.6481541398560648
1.2879596096477672
0.26590311116257537
-1.0933264358832497
0.39371351875745897
1.4300686821684072
0.5900046623257531
-0.11904855785764806
-0.5594124080828775
-1.4011214868414537
0.46202784920327855
-0.31789074790641286
-1.2456504255276748
0.19489847474019148
-1.6075349332632625
-0.07410738140789691
0.34075557924707345
-0.4753863059344015
-0.6639396628496017
-1.4518149522212496
-1.6549100820411276
0.0796642364114339
0.914542058607493
-0.8402131766982542
-0.8267786688160288
0.10452605357526118
-1.696133474850346
0.49208805930794086
-1.1801497489895887
-1.2861059503952625
0.30885514015801263
-0.5406867678995719
-0.7790544461905013
0.2848998585280428
0.42263573489863665
0.1586848503306679
-0.41411682601352573
-0.2998041645197835
0.08993754867114309
-0.9712406346300306
0.7549240985530661
-0.6694835501852253
1.7444206959234019
-0.43430197805360804
1.3886565778951367
-1.8126575557414029
0.07476657047666321
-0.21094552946159667
0.4556091440478949
0.10240781462743204
-0.27735115980032343
0.30016710911581457
-0.78036430516317
-0.6421930922329785
0.504648785365252
-1.043302272761164
-0.031515873493431434
0.5209399497176191
-0.1439116059399943
-0.7037695351372576
-1.378542042793964
0.8544786220503121
0.9697135558985525
-0.7083932280949337
-0.45989231501544714
1.5603746199337862
-0.7254710576106231
0.14539789821537058
0.8725229706157681
-1.4871040668795663
0.4291317832283013
-0.40744743330513616
0.4837524213960941
0.8264615873880323
-0.040378277144172456
0.9931821686418816
0.07186861554728291
-0.13158005322346367
-1.094660527341702
-0.5128223908473757
0.883852442384468
-0.9124046463617833
-0.7180689272671098
-0.38144560279819606
0.1718958756281951
-0.48388335289219847
-0.07871852222521702
0.3108015694488569
-1.126214825716683
-0.011412457924553393
-0.3765147980016293
-0.49004454572677386
0.8715970136517625
-0.5108501902684675
-0.407068299126026
1.1574797969738713
-0.6009056616876302
