7 4715
-0.7150053203936642
-0.3878189456501056
1.1578669595235225
0.9672286210447727
1.136576125271806
0.1729894900159971
1.378122891870733
0.08671382394772514
0.6895209113022054
-0.5139330739145002
0.3692069389089478
-0.20926047940075476
-0.14146062531508458
1.748402512341211
-0.11763600344255085
-1.0874322409039396
1.1710157351577093
0.17102011728412345
1.844120763344039
-0.4147776251759032
0.177548648560367
-1.2042157663193604
-0.2830833788804546
-0.5422349146795115
0.35594115473921595
-1.1845808704212502
0.3139809342522265
-0.906046175577972
-0.21568041374184826
0.8042094859664868
1.1774733291196935
-0.11902668548421777
0.24796591484788966
-0.5913061527687337
-0.031160091138919238
1.5525176390543889
-1.3330051548910415
-0.07115053572627111
0.23968541281285338
-0.622767496853378
-1.8502393164584297
0.09414498660394713
-0.062069319806424286
0.07572286195499901
1.1462414942415022
0.680468544875633
-0.4435328189705259
-0.5389711442179206
1.42324403443539
0.5664255186972121
-0.17854063844252085
-0.6991912820324604
-0.7362477073340071
-0.6262926483558549
0.8022084279424053
-0.8778014269558383
0.08233714049937295
-0.11445243617984088
1.1862457674360698
-1.0790066133515608
0.42268687390077464
-0.463930153591463
-0.5720089526424508
0.6560593291402896
-1.2874830957151189
-0.17243652949027158
0.6211044879205229
0.3221419411217647
-0.2304483861118141
-0.12527017444712957
1.2069080217369217
0.9364638846402145
-0.4504379048628695
-0.38810233687621065
0.9115426981056763
0.5056165292145071
-0.9310169135820263
0.8496331852714313
0.2049906399166361
-0.9722019454234014
-0.1238329341019452
0.03803674819355668
-1.2618453726557135
-0.7114896505447769
-1.0781724658840182
-0.6670958163678191
0.7610230355932501
-1.6190807074685583
-2.0975635220835094
1.0807531335207592
-0.42145506741751226
0.903676626148999
0.5919912046425244
-0.16237299181828424
0.2437687545237123
0.39695000336416136
0.6053357996970461
-0.7401974200981063
0.21944600209120388
-1.9649582871507618
0.5372491181667179
-0.2930100579652293
0.11557223520164867
1.2457460985417352
0.11947808055301784
0.2904813415746119
0.7836693837456965
-0.17535525897565385
0.8921763169521746
-1.3166532837118954
-1.150613445647258
-1.2985228359697343
2.4540581146692055
-1.5781091112882484
-0.030189366729719364
-1.0722630750118336
-1.9798609788694874
0.3680175154124693
-2.446367939150997
0.6415440565977006
-0.017330053751042122
0.40443226460070314
0.39506345937117515
1.046507160832228
0.5665731839066049
0.5107388726723773
1.6024429734563264
2.176827345721578
-1.4996778139046743
0.8633935190655946
-0.7873730745759924
-0.527054128500059
0.06728780855212216
-0.5347010948341899
-0.23246430255667644
-0.02274545249301365
0.12175609424537417
-1.2777362363912508
0.2789784521405576
0.24019904358234834
-0.3182555188906445
1.12387405541763
0.05634271392004289
-0.17211739184220182
-0.6562693392863418
0.5789110098782667
-2.2031099981493254
1.0217871629735296
-0.48788564680623553
-1.0207605875518464
-0.2336875480252689
0.6998174982551395
-0.25561193912275176
-1.421182546773743
-0.26133149980277376
0.4268579727633881
-0.2307705141547521
