29 5252
-1.456208236049672
0.18164806032392752
0.9294350841543682
-0.19000545369592117
0.027651615655905792
0.00279182152041596
2.1019584877339175
0.9746652310465658
0.8972769109270876
-1.3526020004748702
0.011004032871617298
0.1561931690878019
-0.6686133657403344
1.1276037165618917
1.047822919199647
-2.012225471278403
0.7322905331887597
0.253335643036955
2.3195659533775204
0.19197591481771453
0.5009981301981381
-0.38902875344806553
0.1771600971733623
0.790553264273639
1.2808271698241385
-0.2509982641956449
-0.5054624316693197
-1.4561048260715501
0.0035777811538568183
0.6158425115848161
1.5644519524897753
0.9162281030839531
-1.476650603276837
-1.4495268714773657
0.3416184141027076
0.1905219759010293
-1.2727514350611904
-0.2550832691573664
0.04744918336392781
-0.4241805545992724
-1.7308001170793854
-0.3012708830921018
-0.8524393303302891
0.4733695775003513
1.5746789601799867
0.26383778721201545
-0.4057237773775414
-0.7774143024221791
0.25586680575229326
0.14115840850064126
-0.07835917533725084
-0.47128033503608474
-0.9635483700362839
-0.9549600299628271
0.5947117508266039
-0.9400382318752976
-1.790159103136251
0.5822869187752961
0.10463264603767611
-0.5992684590816465
0.2683778139926421
0.6446946439673622
-0.7792192677729683
-0.8490300356376045
1.1801542343384126
-0.36137302213553124
0.17423216450021506
-0.9986288083870397
0.3197126702448229
0.19549523539039476
-0.865933782722378
0.5192962388656892
0.8644097030397961
0.6828183305947768
0.9998192858340244
-0.25300850405459907
-0.3400453739753146
1.1216541668786641
0.0646086628213593
0.6140957375603951
0.3125866082301427
-0.028659868286532525
-1.1962287327704189
-0.23665378012340327
-0.9833830935758933
-0.2934771327503498
0.28810540049982897
-0.9656575322637425
-1.9547431644576103
-0.06862276223867197
-0.7893202211659487
0.9708118972736949
0.14963022073783294
0.39493812455940047
0.1121665241274985
0.14494021746842883
0.8364583418431013
-1.0297796122415084
0.030186238380332492
-1.0459773199831204
1.5875108898255708
0.7938479466692994
0.09044798165128802
0.5808961898847779
-0.35117172585083184
0.7728750475441971
0.522144769598234
-0.4009442572609743
0.30505683561624014
-1.7836822545909754
-1.0885598807260635
-0.9865488100899357
1.8854161033866719
-0.5152840594864849
0.3101696846876677
-0.9200210794541859
-1.4649697638258898
0.5426797193336015
-2.2070726138570755
0.5460663322651338
0.34015347657157957
0.18701541684335282
0.9241806637811552
1.2092791437106432
0.7291613973439958
0.8816707773803192
1.3864636174713107
1.7290322269945848
-0.5326847411365303
0.8280913568320826
-0.7573405071475282
-7.237115632052898E-4
0.7529967507982037
-0.46661598489439104
-0.4530425367843236
-0.8812241386264102
0.5411785690310712
-1.1565391042605473
0.3404257674084751
0.26319676167976147
-0.3385736956771784
0.7530979163851792
0.2055910265463261
-3.144508137347124E-4
-0.9591375935051349
1.050071948585362
-0.9065226892453955
0.8176433777852485
-0.5418539208326367
-0.4228500433170496
-0.16948629602670326
0.15208009879893164
0.20931263968355296
-0.3723985840204417
-2.224807691716471E-4
1.475710395539043
-0.5418996382303016
