Type2-3 6185
1.9527055211853779
-2.61940449092819
-0.46424279093308535
0.8493460892899045
0.11318536703292176
1.4295616228370953
1.2728963828368145
-0.6740332550595133
0.19417160193775657
1.6747822323362722
-1.7695689787846185
-2.8088892614976335
1.7642513537259161
3.256497450985761
0.18233658142276254
-1.8886965317576518
0.7663565497155194
-0.8161871967805496
-1.842717736422492
0.6761251684532215
-1.2037675385070543
0.35304316753841253
-1.5665303878306744
-1.3147907534706131
0.4744136482372546
0.5180314031605879
-0.735563906529885
1.6011707640158792
0.17616566977325468
-0.12785127597872364
-1.3404917951165465
0.6871294279125588
0.7854923495484915
0.20590162450002628
1.9827992839387607
1.5201865701598676
1.6139177065850308
1.004612050567556
-0.9125445520864001
-0.9994278529632076
-1.862985807520299
-0.9179804183586346
-1.8593773169293861
2.7074840106825517
0.6123423711663863
0.029017778543925718
0.056658395940278106
1.130195018606622
1.0235625238556718
0.9205521910710768
-0.5660108752324047
0.6860720051486248
-0.9542737419688792
-0.08798470909749062
1.6464366236413652
0.02259754083890012
0.1527874146511657
2.0820610459785067
-0.5607636483965586
0.4311011513501352
-0.4902415462860005
-0.3583473226571807
0.4741574547892755
1.1926935455345915
-0.15355130406175294
1.4194130284115127
2.0061466590942
-0.9039855421826044
-1.2684255426179905
0.32807119153808306
-0.4591368957220513
-0.5354493077989362
0.27189745610247534
1.6034898045776642
-0.4717318503210381
1.8903393790499294
-0.8186527428189149
1.154828494705863
0.17179459848620043
1.0055878046176074
-1.788152995015679
-0.7671372901039687
-2.25982575454409
0.8425152157052717
2.463103336437344
0.5810085170911078
-1.0033114959889267
0.42283897852127583
0.8683001994900557
0.3245812139078913
1.124036348178225
-0.7367646052052953
-1.1523565064230006
0.9448192807234639
-1.035714216883979
-1.9574163472584956
-0.6577615778998303
0.526883682703597
3.7032909193132224
0.997124028019209
1.276577388695091
2.029397830586917
1.0487057515549125
-1.7983882610148423
0.7009055823476713
-0.5982222240466007
1.062073823077434
-0.7474860610194823
0.5538861594033592
-0.3744976372527142
0.1293588295007232
0.35882613296476085
-0.7020181681304521
0.42651302466992935
-0.252649424862308
0.696716685025409
2.2718585085423584
0.2192037843327274
-2.810540640973629
-0.5972655574508514
-0.8852128904116766
0.8932051253217179
-2.022493384126815
-0.5359008205080258
1.6599637702071819
2.466701371273561
0.9884830443566435
-1.7669129777827555
2.5405498637564374
-0.5824162700381391
-3.396276324150639
1.120302424635931
0.7294696416445619
-0.5758846903731577
1.8586006434069446
-0.06307775283267848
0.7724757248577525
1.079085559238131
1.7555155665243138
0.040255715535701786
0.7031374054200992
-0.9493999199841641
1.3598384152519842
1.2576215201900705
-1.0091189036746495
-0.7048756168672553
1.5506543210753243
1.0140530494776214
-1.9490296100668796
-2.0017077592242427
1.9515030474205854
-0.1559405032290215
-0.04258350597835081
-0.3423952803326972
-0.4990267064838394
0.22630994132706372
-1.9921003141299305
-1.138127353272113
-2.1813169935542684
-1.0218639313606626
2.066709753870826
1.173340318595784
0.13086980336345067
-2.6313920790341694
-0.2491089205490768
-0.5083912423297775
1.5628853354557724
-1.2537604889041152
-1.323907408453231
-0.8467414341725643
0.28396458260897717
0.36881624686102443
-0.9793296329933939
0.9646066155929303
-0.7310565312529211
-0.4592563406839667
-1.0128495219567815
0.2933026212003242
-0.7597267050674806
-0.9951074615257698
-1.7214074427156807
0.46891407023794585
1.364538791537597
-0.8122146208647852
0.00479985603157615
-0.143013700236776
2.1192612695456083
-0.7088876947560996
1.9641245264659628
1.2533141378810118
1.3052494850981697
-1.2721948534684808
-2.0858904156419453
-0.5257428110677893
-1.0433708680961755
-1.9707540691931391
-1.8470017987094858
-1.8148783465704628
-0.828403500904264
0.8580948112411467
0.3041104144207848
-0.28377022702174975
-0.7038998867783165
0.6222082317832456
-0.6402221231403656
-1.5249969125450586
0.48211395842772653
0.9673085711625039
-0.9970272410700056
-0.4995857047719793
0.3479021411555102
1.4055319056645326
1.649133953973651
0.13312989408148426
-1.8259183209645269
-0.8208832126026647
-1.2652172532807218
1.1171358902291635
-0.8441200036503949
-0.820197112422729
1.898722711416334
2.4273496862007673
-2.6884461337025205
0.7303543062362253
0.7625156989437029
0.9663283999372586
1.635294170297136
-0.42271246566420967
-1.3448503064368897
-1.383145903382031
1.8134251947023936
-0.9051360678060458
-0.5352383347043964
2.6335865100903844
0.3781746552663451
0.636201094940376
0.7593211615518339
-3.0735050164292663
1.8191567112550615
-0.8619809518148825
0.8846339211710191
1.7922822154187399
-0.5206172860992389
1.154813614597957
-1.3336016667653294
-0.5145669380640058
0.08604037587362479
-0.332768957708715
0.9025317942838774
-0.36984931051954606
-1.8055051911551812
-0.4172423344862684
-0.4056750367712184
-0.7802380642699729
0.450601302899708
0.33693953505929686
0.4882138478696523
0.061365570344005776
-1.7528877104763745
0.6662084874437313
1.3447300442603185
-1.1073256445252995
0.7556695501558119
0.01817486401913329
-0.1341351500228587
0.4566962708068084
0.36573921980349444
-0.43067996639305234
0.2437749198716309
0.8099962656174355
0.1474680638408578
0.3299430431089379
0.44675917971731394
-0.1512964841420641
-1.2432269138295873
0.4960350888471757
-0.8339858183899042
0.21125379360773877
-0.5767881583191845
-1.00318317703272
-1.3733942377069341
0.004172796905593974
0.6022663782982555
0.4132783179785051
-0.3070966013351141
0.11057537212270635
-0.2525999697552446
-0.20304709366589666
0.5351897647315352
-0.6365398834087531
-0.04919007877728275
-0.15479149669243192
0.8308441865377652
0.13969837541396785
-0.9514907185643935
-0.15092162023879507
-0.7498209460613093
0.9932675296121432
1.7029128047556292
-0.11574234438990683
-0.9526564557868042
-2.1165264563235833
0.7228712099902679
-0.7503342819602823
-0.3113466324141417
-1.2497865655780038
-0.6680661725937078
1.79540796556259
0.6609318480688856
0.04280126210007491
0.43498643553530175
1.3810056689925774
-0.24960598043919388
0.9713535287298081
0.4490347638487312
0.2585155337139603
-1.386729660963719
-0.9417871519790227
2.493992391570496
-0.8189965460983367
0.4087967655085329
-1.0836217738012157
0.5332021541842482
0.7752601924295974
-0.8516922436095528
1.3186844381311857
-1.67839044060982
0.5060180590239944
1.477626664730782
0.6081983353126676
0.4801855975405679
-0.08102297046281716
-1.5704778239069193
0.5865527131475943
0.8345976298993727
-0.3268843728057931
0.2720527311838486
-0.2051443516590824
0.10828219206597872
0.78550047256349
-0.13181520530341023
-0.14001289186723326
-0.8132332613322536
0.10920539084776226
0.0838616029741433
-0.058867707997234925
0.2417430380540152
0.6823366148323359
-0.6773520097959087
1.0898521559387264
-0.01000612524379485
-1.6353755672419756
-0.5387998857205122
0.038275808420834265
0.007706881595183082
0.9004637980882153
1.9054698646711532
2.330684368915703
1.7754912005094927
1.3931089567281945
-1.5653286695306416
-0.7304514693623163
0.6241852826100215
-1.5954084699122968
1.712123518069166
-2.3609350141935876
-0.45995929895137716
2.1355179109072693
-1.6028483019459259
1.0289140021997658
-2.7240668886609423
0.5957846329489807
2.64250013996135
2.7029225111875386
2.455705653163244
0.5454212275656805
0.7099371941805557
4.764237232741954
-1.9770946683734498
-1.5355390208719235
0.2248903027693435
-1.3815069156884319
0.9174031144374738
1.7891299874552526
-0.7386400034954402
0.44504497467353565
-1.5126545585495854
-0.60720153287996
1.321186690594708
1.1164328518115514
-0.34578493456755943
0.0735268257603684
-0.21135424395188446
0.2830441507662386
0.5977597689652587
0.8426973482785158
-0.33892992388232934
-0.26493665653684684
1.949811713388431
0.08521210725213635
-1.0830854824338874
-2.2231866309663535
0.0035779311789551
-2.1882470785854267
1.2258268299947916
1.37459498924467
0.8853147909696941
0.9761103375676565
-2.3868882126954936
-2.325872848717638
-2.923239523125358
0.5283630295349926
1.0431787479363641
0.3256352962554711
-0.27292779420243374
1.8662538092437608
-1.619656460877858
-0.3719663174870023
0.4681278591463759
-1.2415628584838134
-0.7822558619526768
1.3101992590207665
2.2297013555363314
-1.8366228730853762
0.22820863418802517
-0.39985444577221185
-0.8225353879351932
0.17865498069312213
1.1127056912213207
-1.5261207021282726
-1.346628896436342
0.2284447868091232
-0.02794389308350209
1.0232553116575254
-1.233253473369912
-0.8312466091244102
0.37426656236647726
1.7686615226502158
0.4713575944908657
1.8558387519086683
1.242264907714844
1.1565549736616965
-2.2650214206774035
3.2927159605293017
-0.09857297907079068
-0.7257695560811277
-0.08517540682177818
0.1516194649310844
-0.42454961112939466
1.7543739234133098
-1.9305171233999312
0.06149663727919211
-0.8011654014368348
1.5322599322645525
-2.289202648878251
0.7282012967059114
0.05697338450465986
0.5828005103036124
-0.281633618435979
-0.9730746066486669
0.2212048113576245
0.5523810969523232
-0.7310838416215799
-1.767802494821409
0.29719570690629993
0.7241618757975252
-0.46749449956486305
0.09715556065769118
-1.2095237929932132
2.2017973086030986
-1.8441606246306281
-0.8416542422551911
-1.9200558535119387
0.2017159000178212
-0.5244613334038077
-1.9204210430043327
0.7632629449146098
0.11537618712953554
1.5089519080207627
1.1188507331090758
0.384743132549436
-1.4689238834027785
-1.0605455905615915
0.6793634681321146
-1.8115974530012877
1.1647479811118193
1.3917430785584273
0.8187355137546931
-1.6748767784682115
-0.8219448131985991
-0.9503458605040278
-0.49184923935366537
0.32956538670615393
0.9225650402130354
0.534540361993911
0.11480005443953167
0.5055777195636252
-0.44056877455387367
-0.10657409348987074
-0.19160616777458314
-0.26869251704678
0.23208570157330688
-0.547253007159502
-0.03593991387996487
1.0931044679212023
-0.12540372930113808
0.4301329925012364
-1.1371480803113068
-0.29590380675587075
0.6815756442599418
-0.5401068635159628
0.8722010044176042
-1.0731861281198685
1.4368523412983198
-0.3983635414469476
1.3614412155330609
-0.05666617979140434
-0.29778752338606485
0.2370152395530593
-0.6259150337421187
-0.4875276395190666
-0.5268113657576138
0.35123720616224047
-0.7421462987134518
-1.3766113102219408
-0.489691954427448
-0.8869651766833656
-1.0296944759504598
0.5152189495348374
-0.7977090561607417
-0.38188094914521725
-1.4670827931822996
-0.06390548282877295
0.05438136390970648
-0.6396649376862789
-0.06858122148784826
-0.3962722192011432
-0.9157065272772431
0.016608406394564262
-0.4906322543943652
-1.2226630199923836
-0.34592682308614775
0.6701369587857303
-1.5565999059076179
0.9761723581674924
-0.47643359141502983
0.16838487353892065
0.8275217630779794
0.019862777142239885
-0.5609623483671171
-0.28927124548366784
-0.46762312140921125
-0.5767758651063861
0.4343235385592807
-1.4915573913778868
-0.9415972284925606
0.9457420831277938
-0.2969180774800836
0.44801533808629646
-2.6238629426953115
-0.03839186612561839
-0.5261519478896799
-0.2722472976337422
-0.2763979831448545
0.7292474267530069
0.29824435255442044
-0.6885378202632892
-0.7584932521232971
-0.6871187504567249
0.20455913316099583
-0.0913581322101753
-0.4082220698249126
0.6719695550115088
1.6135454861902299
-1.2139611926729672
-0.9323278150571144
-2.054880376716906
-1.817907304377774
0.12727453260255026
-0.38022213460536997
-0.7380174610156135
0.7078294111286682
-1.0879301617120367
-0.3471566101651802
1.5852261944194828
-0.5892432421429405
-2.766784484016145
0.5520918271476037
0.08400846596067202
0.7127322677798119
1.0109476223135239
0.8147022026897861
0.28471982696115616
0.07671889622547506
-0.056572686864447136
1.1754541452080012
0.8120688485668561
-0.2888510757724506
-2.1011084996509277
0.4575360324269474
1.2379172964365657
0.07552483806344032
-1.5883961809663312
-0.11808644357857412
-1.2670751487879215
-1.2207800841409444
0.8603781379145545
1.5681082827229407
-0.9746992291824643
-2.252185045471708
-0.7469802381348039
-0.10372108926548258
-0.7252798296227472
0.3398364175215901
-0.7992969819742723
0.08021101155810839
0.17830614405429068
-0.11356404457010079
0.930017832912954
-0.9720287356351021
2.4624344120644297
0.606558125620957
-0.6700949291256779
-1.8500546293476183
-1.7856032085679885
