maurice 328
0.43155472860777394
0.8271078188478919
-1.9587978537660518
-1.358456044526849
1.5315893065329815
0.21492504158131367
-2.6986001241155972
-0.8745121091613203
0.29188595793759675
1.0857439064107275
0.5780618190430961
-1.9432991043910177
0.5554305829953148
1.2814293485689108
-1.4238016094775203
-1.0124790498766556
-0.8700074994741394
0.2940702316720799
0.39246046374179483
-1.8863528582930214
-1.911120659661147
0.09667986713523338
1.3454043801644808
-0.9885038046509997
0.6155276277170636
-0.8024236980329674
0.7075274821997493
-0.7453214842587244
-0.7168623711888804
0.6161813999390787
-1.140260634136614
0.07834116072503343
-0.43892790173031615
0.8972072824069195
-0.40234632439042584
0.046081384031192885
0.2583761730832252
1.2259575100171902
-0.774851050338556
1.2240707467469112
0.6047818061373852
-0.14344676768571363
0.48260205006646073
-0.1381137842471672
0.07527241483112743
-0.038969707386777935
-0.8227579869931727
0.27691523922418615
0.5409825332869527
-0.5933921894491376
0.3042281833473178
0.02661636763409667
-0.01337270817895514
0.3532958523476115
-0.6224359579705683
0.33135814336217906
0.4668146204501308
0.330777504758109
-0.2398248055404468
0.9452741515998903
0.47699524989686237
0.18088890749126216
0.323202618221616
-0.0419477001875373
0.8525826649700448
1.2660674734992343
0.1506152177736138
0.17436052433826127
-0.4581476718517847
0.5804071821778117
0.5386661527285426
-0.42629785538081455
0.12348692579013838
-0.8286788953602208
-0.08677156345703863
0.17462559217336104
-0.263142042253773
-1.2048132144804131
-0.9073726115340454
-0.8813754417130054
-0.47899055396973594
0.9833205670999224
-0.5771687170639386
-0.31429925332500175
-0.5731330415845748
-0.3343743269743876
-0.8594631326325779
-0.06436319346853173
-0.40703829902628347
0.8468021436769815
0.09723394651797757
0.08924013583401944
0.18396488956444335
0.19990379930656038
-0.01450704649502
0.28407678673888637
-0.10118643328769832
1.0354713639793531
-0.9758436156003258
0.3840339297536905
-0.5834451343182399
-0.9344341187425005
-0.5071285731732931
-0.563519650707226
-0.016622151129762362
-0.08068330063670898
-0.5937928058380166
1.1856718361662302
0.8363986266162372
-0.5584290169405177
0.21027777747273196
0.8253398371320544
-0.916435664092076
0.4859371735805956
0.03350175025190973
-0.47130455541096467
-0.5824217600335713
0.4661913952700676
1.4601912939504014
-0.5038805214319411
0.2099088780486572
1.0590251888288074
0.19023061299370303
-0.9223785557104638
-0.19115392154376468
0.7425787938084432
-0.12520630012959877
1.0295862679154433
0.7706871008543541
1.289078083218913
0.2345518028645177
-0.5601743318879961
0.7360125716638165
-0.2058981364539849
-0.6710781279862644
-0.5035274464707652
-1.1938382200792912
-0.341219081723229
0.03233989786064362
-0.038822245670359135
1.4770292135200385
-0.5785108935753724
0.5920462750315925
0.3601163790429109
-0.23561780765085744
0.02241229088039766
-0.2811377221365623
-0.47979528122288084
0.1589010211003954
0.8342215763034231
-0.10012996037952948
-0.7301129615849924
-0.6950585364899843
0.0041521384718272965
-1.0692948974458774
0.9293375478228965
