1 2997
0.13625637223802003
-0.8692532580484733
-0.6222785701357169
-2.0068193334632394
0.005201433038653502
0.12350851162924409
1.4779503442510578
0.997744175096169
-0.5429577597541139
-0.24440476591361465
0.7227605875363053
0.9399994623252929
-1.0641521799118467
-0.06381994698498417
-1.059665844543748
0.10869292813188342
-0.06786825607254154
-0.39837400465356465
-0.6180214746710833
-1.1426067106947495
0.035340267466768785
0.486932484532083
-1.0555542028924378
-0.1415149828661335
-0.3085951111480809
-0.6117559064286541
0.4281454280802848
-0.038272303195277885
0.672643276785895
-0.06607058073938192
0.3959826040759026
-0.5453138595734186
-0.6713081623753393
-0.7195107552967426
1.133858727707302
-1.371503293259237
0.037210979463867616
0.986941237315764
-0.7704054828552551
0.46498475656284816
-0.04103186405075636
0.6154288702215429
1.1553856959725635
-0.9100831067243333
0.7473825078755966
0.016341449071403502
0.41395322177798904
0.6199669182062747
0.658446722972984
-0.0935643334702971
0.006001628864148317
-0.030718157796047918
0.27006048273260436
-0.7943932457429934
-0.01306528947909446
-0.383246343049787
-0.06091978553068389
-2.6348038069201904
-0.9803084133131654
0.5878305033145304
0.15509766211656872
0.452486746724968
0.9247868009929603
2.3427614723808214
2.0290693573167364
1.1930414506003981
0.39100153521131076
0.7185347643170112
-0.4545920402807968
0.34799406745196226
-1.135574731211093
-0.3451587831759116
-0.35092042382829214
-0.09836097514137754
0.6086108307474828
-0.18122690467435998
1.4495434606256723
-0.32379115486912735
-0.8079850190782434
-0.1548354809572135
-0.1587173577677593
-0.7319321179221276
-0.6937202677253734
0.5402050126085676
-0.05593594445609563
0.6503458938234684
-0.541939622830162
2.1878754650666554
0.05918757950302793
0.018771169087202444
-0.9628251620350817
-0.7454181593125286
0.6625152333526589
-0.789851839395552
-2.0755225047305337
-0.22471108212982085
-0.7837533203561061
0.36507006323260754
0.8786250476730177
-0.5883374182572185
-0.0025169903540357454
-0.08769483993345006
-0.6001389079750148
-1.2310550282966535
1.0610005566876737
-1.2858472730785941
0.27805798860143577
-0.24600173396987296
-0.42940850058127045
-0.9270598360475334
-0.25532791438981467
-0.5094299325881058
-0.5797086789131093
0.13451186702001036
0.664868885721346
-0.11220385781979858
0.6883584660143351
1.057644539149353
0.2664826197644395
0.7474789547654255
-0.2172633012068231
1.1254664675583705
-0.17570790069240985
-0.27982033358682934
0.9875879051586423
-1.0136871475600366
0.702191371115001
-0.321659918487258
1.0970240343553532
-0.4316674115885505
-0.7047226679955824
0.02028181397179224
0.11813370793208805
-0.10781900674046702
1.0559927738333976
1.132882855498681
0.6501642780702961
-0.25179401134555573
-1.604254546667764
-1.335999533048848
0.3342897678002491
-0.45468023070085806
-1.511955272087965
0.25497959979000395
-0.20061751376383655
-0.6519147526280124
0.2904288284283885
-0.13657574033776082
0.0056004293021645335
0.6177956496584462
0.009187090411936244
1.2549893348721237
-0.6555361012594213
0.6768112646549773
-0.7665583060084504
-1.2326530785127459
-0.09317954041217624
