bobot6 183
0.13723803469329607
0.6043001651215287
-1.4086159410896113
-1.835415609007214
2.7489529574997995
0.7763346164535765
-3.1806351156090784
-1.0949515936411436
0.388291219102804
0.9086853586639492
0.09700558583183932
-2.3402361831484475
0.9263027331293217
1.4636343239095257
-1.1318554809383679
-1.9346877734765917
-2.1333266134613122
0.3128852108346304
1.1571272770920293
-1.0394629784457232
1.8407112538310577
-0.4236948729598744
-1.039822258534195
-2.4687158243522687
-3.129760318297708
0.41751469397034197
-0.475237634016922
-0.11004615322268942
-1.4932283986026862
1.4583385667036364
0.8039800458466284
2.1728081496151845
-0.7781065540781458
1.7977595160857114
-1.0670024668625344
-1.6212940397048974
-1.0458527628334808
-0.5315577626440237
-0.13801352437244566
-1.9085272204909685
2.309975978578699
0.2702604193447135
-0.8378987923894026
0.5875480184791027
0.798283154251308
-0.9865825130688369
-0.16641680549703092
2.242179188803222
0.5095302503253734
-0.23124186927380802
-0.8822261754108573
3.337969980793595
-2.614303931570603
1.6175951273775455
-0.5841402324113022
-2.5252366695486854
-1.9564735353075497
0.330775390450607
-1.8288397999432584
0.7866585659174372
-0.8619851016162188
-1.2340326464189535
0.592280828465109
-0.9224420824958138
-1.8411917748147226
0.719737361320682
-1.2908144471651224
0.658722235473756
-0.9910774336317294
1.0517260854025081
0.18244720712726642
-0.1522493297086814
0.3420979185675834
0.9856066979728836
0.09617836639524013
-0.09582229751251184
2.2411715795923643
-1.9984176924032144
0.6908576215754261
-0.1425802383798631
0.2602374125546433
-1.462823771136765
-1.2840018749826667
-0.947031130162887
-0.6324692863506779
-0.7466793520243415
-0.4383260418848476
-0.13157616954793208
-0.5269630088537421
-0.102575643137715
-0.9289341672253906
-0.1465919125552723
-0.8124547484510712
-0.6400182964294282
-0.013374513724278836
-0.23923034238417212
-1.4354203021704315
1.4062251730594766
0.6296550497370494
-2.16187115447631
0.6089734208407513
2.082315446597481
0.1520954523707571
1.4214022231178787
-2.8299748962189906
-0.5108248789129368
-0.6924224380345243
1.4667866318439822
-0.47528769754637856
-0.11672049788736913
0.5349710604731102
0.2191317954605235
-1.3923746017151066
-0.24668397438066322
0.11241861029088751
-0.5382648572372237
-0.8007272154239602
0.08744801859916734
1.2304671396451508
0.9856869721976032
-0.10451661231403545
-0.9190278265001548
2.4460625196067176
0.48343025261900857
0.10081996817315081
-1.0045713547354036
-0.381062468293744
-0.5858700130456188
0.24941181958277103
-1.2094662390310373
-0.23846539960683968
-0.9231026305878282
1.5454890968304311
0.6564762832737513
-0.03399973212651186
-1.0180083976681513
1.1205056565185882
-0.7002828780702122
1.572399787403785
0.8133001742115473
0.001691432523294123
-0.4372585096105055
-1.0987868436930535
0.010568849369326255
-0.60126720755802
0.7518310268396781
0.33333775586041237
-0.3629501124656238
1.0158158530316972
-1.199596870668115
-0.2874139171513676
-1.4858675721469572
0.5095204428426681
0.7648855467702197
-0.13192716722315206
0.3592983405203891
