nameless 0
-0.7432647977636158
0.8611991823895566
-0.1760652145721
0.3291248903936914
0.3447379388589442
0.32543532996293334
-0.811771643803713
0.70269718802298
0.6891858887989379
0.86972018719499
0.4587659881967252
0.43650739318602816
0.9540617997708651
-0.28224562701834044
-0.4816728761003073
-0.51375416412876
-0.16475418132859465
-0.9037652330121004
0.824409766814286
0.36627590332832693
0.9196359145576916
0.6651610742652609
0.05167306219482737
-0.8660383812229329
-0.20676017494474452
-0.5416395302963131
-0.5355385598371907
0.04134803012678945
0.6441499012266774
-0.3139028911678359
-0.2532340048384525
-0.7421804835292862
-0.9776734403176828
0.4332755898657845
-0.41075452083844155
-0.844747381969541
-0.35336725276975933
0.2808869944962207
-0.28230690780919954
-0.9524301748615078
-0.8094237069141073
0.18498688544743458
-0.7553973703205497
0.9894916059690282
-0.16826581602355084
-0.43336441601031783
-0.7647477070991879
0.2646748871889204
0.015846449496998982
-0.5021281076006949
-0.7980099564723635
-0.4686833099424046
0.3650851778049833
-0.8870692061373944
0.8751704581810356
-0.7563083332409066
0.9510176121067646
0.9305581451069
0.0464580939088679
0.9309839640623274
-0.7437000509306475
-0.357585402596315
-0.46002126462691706
0.19016358749910078
0.06515232465407395
-0.8957983517053614
0.43906496634900827
0.837548348564741
-0.7488176443507735
-0.23971513075675688
0.5811077522577339
0.5640833876928533
0.972139469782973
-0.4607725996211147
-0.9697070749950603
-0.3477396277290481
0.1346985011906876
-0.623209680878164
0.7477648745374994
-0.1620103805084001
-0.8416140608186835
-0.04540558190507604
-0.9989725503176514
0.23862838300230216
0.04627862791568971
0.9867809385724338
0.18915621598964183
-0.5812400370711959
-0.4388806256770288
0.44364736204559163
0.7076626219169935
-0.8717918889362122
0.9090108248507811
0.4703766897379422
0.23661603831048228
0.022162714893966706
-0.25113682871558507
-0.559382086648865
0.40789510284235986
0.7611822005906987
-0.4257117148869698
-0.42118300581751167
0.19220576788989985
-0.7107699739345881
-0.4443528440709841
0.891837837135234
-0.4562312152037249
0.8007923617267885
0.7834739395042358
0.7695532591799092
0.8503451026240778
0.9335147079156234
0.5205160020983397
0.5457267191139845
-0.4414668402560362
-0.9393134046783822
0.5481433208828494
-0.44535304536561426
0.9790380767553366
-0.7917067559840105
0.9838980689468741
-0.22438379328534963
-0.2761223794194261
-0.9157560805170315
-0.9495302899178886
0.02653617847123657
-0.5127436666703118
0.9827779751439567
-0.8076030464230652
-0.15052597588695327
-0.045895872556962924
-0.08506090562454549
0.6653131778030488
-0.2747674170971186
0.5050418315110194
0.21640003443700961
-0.7364314605817326
0.060589786331456175
-0.9161990233650597
0.09680987890935855
-0.7944240211734144
0.511011584506831
-0.8971078228843015
0.12022664284640094
-0.6377541485897209
-0.3667148185686371
-0.4144199702115341
0.4440895094259125
0.9923875073976658
0.6066581924567054
-0.12300950931787824
0.7945741176176382
-0.060025784690657336
-0.182288843109482
0.20443979814036672
0.619066472087056
