37 5386
0.6370095719697063
-0.3153741035632839
0.38603178588194464
-0.10193743730658232
0.7433173340542776
-0.0054068853986993515
1.1846137340058023
-0.4401922044146455
0.006155511633689017
-0.16690032205154431
0.5210511457193875
-0.3939491113989074
-1.8259260786448392
2.5174004456468437
0.14943164054503108
-0.2073266461501984
-0.028449934140900107
1.6469429540438743
1.8734323608132466
0.04814229028900255
-0.24603338290388485
-0.39501519759609727
0.10290792219460185
0.5284729532408495
0.5223217007734364
-1.7292702622077978
-0.7312074135068292
-1.9450273950580659
-0.7565658430467209
0.8588947581730761
1.088279636237347
0.8838426311528312
-1.1342467632461624
-2.426364680685683
0.22972006871485323
0.4166224316963836
-1.5991254754517765
-0.5529374453552262
0.2629621009925786
-0.49331581429401183
-1.0975739420641153
-0.6486947727400172
-0.17377753302543364
-0.3396472625626873
0.5935797082471357
0.30482183628675996
-0.672561432968165
-0.8835078689428293
0.7438650820207444
-0.33947106636345986
0.04155917032757533
-0.2153295086005421
-1.4344563875904786
-0.6536799732112955
0.11502601290415299
-0.6091124224691367
-1.4259352072258467
0.22815525850862772
0.38335953082078117
-0.5355510965445456
-0.1911009405583661
0.9567966324660498
-0.6793288651438004
-0.7388073973345599
2.137812996613206
-0.505145914409319
0.17501291165129162
-1.0610473802186005
0.25518764206674655
0.07289655215001434
-0.45993340475397376
0.7745586832125995
0.015285483375946811
0.8421622888656541
0.9648055826183112
-0.0853692623470372
0.0877020107674499
0.9820594580572118
-0.22506643811330038
0.7215823132147486
0.16775233087581604
0.06605978082020239
-1.2759054750302217
-0.3088164637569629
-0.5291610624186904
-0.4217786655826831
1.0399292912093576
-1.451572809104442
-2.4128260649454765
0.7451079402626937
-0.6867637400694683
-0.27675870329473257
-0.15048898136506483
-0.005871907744101262
0.19399863801972855
0.7731183071033728
0.7026699322886454
-0.9969030711318487
-0.18907056541340125
-1.270004576856992
0.7898500336106602
0.9275303575594873
0.5327720145289208
0.8320117025368433
-0.492416681956645
0.6621322965390696
0.32489839662338005
-0.16385413015624603
-0.06103833803292482
-1.2067368263638119
-1.572514350667454
-1.198293036263392
1.5385378982385143
-0.9262179143071174
0.008767973168429859
-0.7221596889296056
-1.9147859705086987
0.7078939713476924
-2.4251612286834274
0.2625628049170113
0.3197127184714367
-0.2545957759298993
0.3643102299503156
1.2637171584996896
0.8626628022995905
0.686151748239646
1.1249746465442183
2.3916635060375415
-0.7405186825639648
1.44008700428296
-0.7591312043955712
-0.0066150097874582104
0.3992701812102435
-0.6409309000703873
0.32605429787157225
-1.2327564013976304
-0.04763582197650043
-0.821123640587067
-0.24220396811741027
0.04650124918042098
-0.7887643725380606
0.647424516867964
0.38288173443774737
-0.34253188153104763
-0.724555741686529
0.9723084919262899
-1.454186048539788
0.9590341324988103
-0.7620834270244565
-1.1646944818177434
0.22026412144426125
-0.04036231937087817
-0.7267527759182186
-0.23150379524141454
-0.2508756189174317
0.8675687928031056
0.02828118514746046
