Type2-8 28
0.5767205763510572
0.6220962654999218
-0.31238728123336096
0.599064423898384
-0.5398962108481796
0.23254852485599914
-1.1179599709482853
-0.9560038386814814
0.02393064023476274
0.6438781036703836
-0.2813763310817709
-0.13855775982150173
-0.22251553844656266
-0.7104036038732883
-0.6655318739427734
-0.11929657693652632
-0.3154502413087036
-0.41114086692364027
-0.8112472173710346
-0.4524254778181868
-0.23450204811079853
0.801609565923616
-0.05563399976306127
-0.6343628968149249
0.40833846169587307
-0.8702083728798158
0.12222385242695526
-0.296980013460459
-1.138252895929232
-1.41999213981987
0.47044333538509003
0.47311765737006084
0.5822439420660256
-0.4294581829017592
0.23498729893139889
-0.22406903228548003
0.4216081588153571
-0.1415550432810822
0.28437250508382045
-0.31779909800745415
-0.2538722627576601
-0.4546127370782147
0.3104461312025185
-0.8699889704143192
0.18136869819729856
-0.06617669598958568
-0.4691541119625572
0.5766583453325113
0.1958541988355838
-0.6752987347126194
-1.0137537653123738
-0.18790583171032327
-0.24743013420138252
-0.3407127423446893
-0.19413189447821827
1.2835710817219939
1.1262959634404806
0.08269661293275764
0.3852825818485177
-0.6505266359122417
0.8260378062981528
-0.07175906726604922
0.30031942630485475
-1.128051539939015
0.5173259146050182
-0.7466562939049882
0.07055880184086817
0.47737166209919957
0.04449576528762855
-0.059975875793829625
1.155754920392716
1.026418495293329
0.6931097687512516
0.5783914567084812
0.23825514408342288
-0.18333232735832905
0.601549742164574
0.5694085086057687
-0.48179976556566834
0.8072945072145025
0.6750507369508204
0.9326295137727286
-0.11536248285091519
-1.0613144397194754
-0.08455066586700083
0.8694828714729533
0.3586745925637348
-0.8542789974954098
-0.5136493978512034
-0.9490084802098481
0.42144630006106804
0.49561494863504707
0.7839114874666432
-0.6578576557971703
1.0727514006023096
-0.42425632194208496
-0.2529449361730396
0.7582158220257115
0.44291445373089355
-0.3278489861285944
0.2472999321586452
-0.16729874501135858
-0.6029961079590233
0.6648364862362903
-0.8771393390328783
-0.453196934427607
-0.9522133843675723
1.1187381295252383
0.8347315554341347
-0.3323446139918303
0.40873572550751636
0.16083275835643862
0.19035248737948826
0.3784265038008565
0.5164739677326184
0.3635114104948698
-0.15176763414815841
0.029113768642896665
-0.7789955460021769
-0.23099270219733628
-0.3760579172556888
0.2356694895006812
-0.8626929240833763
-0.4576646517330054
0.7379751455616145
0.7803829605457984
0.5961766743702615
1.2844716910211056
0.28624037822670234
0.09607005590446527
-0.9024177995646596
0.5863514971738717
0.6133191234975779
-0.4655861378650377
-0.33732157331717166
-1.3669340286939708
-0.672784341236552
0.42314241652277085
-0.40311951822710235
0.929974126022788
-0.038572609793173174
1.185564956209828
0.5875677907895119
0.5151803504455447
0.9981016352628285
1.0917850629068726
0.5977699511514805
0.25474709870291135
0.9550230667065799
-0.6820664165180695
-0.12970318711493273
0.05413912425226444
-0.523153668932966
-0.796131560762531
0.4620578869232646
0.10925476640577815
-1.120050935166026
0.6911623720365532
-0.3016960014710192
-0.3148495794467703
0.7489398185100994
0.4505976402065232
0.651995515374098
-0.4820100544226975
-0.18686576344458744
0.9525094426420878
-0.08589803063116105
-0.24750880604101796
0.6166506279265822
0.7042275426474537
0.21916101460228377
-0.16798615626738636
0.6318207004017935
-0.4594377396178888
0.4195637823898716
-0.05945249075847969
-0.12093848856214126
-0.05594270846579355
0.917736712799558
0.30794205282533194
-0.6578169511739568
0.46101641909753066
-0.7436548718784955
-0.9061933917657032
0.698740709546657
-0.838992283972361
-0.16942535581035492
-1.0189463470394051
-0.3105175546706735
-0.8634433182934669
-1.0922176494976605
-0.26874196478657636
-1.1966548419916108
-0.882099908379012
-0.3168525252592024
0.8041280403554723
0.7915929585427237
-1.0235548876562632
-0.12078226614733044
-0.08472177598016925
-0.9218768614219084
0.9825557408671364
0.22248831625012494
-0.8464175777211371
0.45293904846733124
-0.6288597848728528
-0.3700157318425247
0.6367855567518731
-0.09496885262028543
1.1610392109087613
-0.1222072595455822
0.35841115590145844
-0.5573170139883054
0.01989211750484914
0.972209290273852
-0.863278658561051
0.5796551576662045
-0.6696616852564673
0.49495548894808694
-0.41674291321358475
-0.6036055635897691
0.5447283721958733
-0.020867243804185587
-1.453149943683672
0.04000431759834584
-1.1402543438126262
-0.8614672835241853
0.5431163066816194
0.43498217985105647
0.6278558055340113
0.1577987631191476
-0.25796451573791723
-0.2052018857418638
0.12460178053621224
0.19140291465080483
-0.6857502654593249
-0.9185370843513078
-1.0444614271662567
-0.14313559899713102
-0.03776154834667725
-0.07969243671625503
-1.0734209212706396
0.8599557014772115
0.9027267257565839
-0.4350200848287516
-0.5180980297361975
-0.7181183688892352
-0.7303575212768825
0.8650004299336302
-1.3527192311246536
0.4576646225715614
-0.33377038506088086
-0.7440373452083765
-0.1803429704506248
0.6084764551454566
0.1284266369602031
0.015910643303124417
0.7995204282448505
-0.5083485086778827
0.043478045748691976
0.9710246829136623
0.41565759506462263
0.3925031317340115
-1.148809516659559
0.45830635416587595
0.4513810470834603
0.48797861893767525
-0.13585857282232322
-1.3195460959462006
-0.5778239344448665
0.42082593819067404
-0.6727261709640193
0.6136669541024771
0.39206496918710915
0.8856069473136365
-0.26128308170556447
0.7631237159869755
-0.7332418666844372
-0.06568700867134933
0.48954823607357567
-0.3606846099396013
-1.020559635801705
0.5704929668688464
-0.6522837409078549
0.020959055978810023
1.0129786524611297
-0.8911632694142969
-0.5794656270583405
0.08381680537930469
-0.6902090249299534
0.5245311554765562
0.8580741732328825
-0.04293075222045517
-0.014592553520368645
0.39212549695075877
-0.6543833187758131
-0.36851612181753235
1.0411610805563876
0.8621554634941613
0.6910696390562439
0.9669544169925266
0.1658030337181442
0.21704008335717617
-0.825906707832529
-0.7777331760378886
-0.9405784273694472
-0.03721536847711515
-0.766168706991707
0.8922998110961629
-0.7462588129060793
-0.3600111677685275
-0.898294596072725
-0.9059390320777805
-0.5468473220811765
0.4906876613513109
0.06586672080535017
-0.893174853016154
0.28578110761002673
0.6752318247436286
-0.6632629759109634
-0.5173808410310513
0.5893958922593947
1.040786983888041
0.28957831311605386
-0.5921832758625656
0.07850416065518209
0.4007760323252558
0.8807989840613386
-0.03201574646407562
0.6851378932761425
-0.5033835665588008
-0.004336226840654572
0.0011108719314385368
0.3588986249749595
-0.4177115824870873
0.041760952988581956
0.7347126438781423
-0.30410123486468343
-0.11570782896419174
-0.8250562888320514
-0.15574585851999093
-0.1756956533537108
0.7852062000482127
-0.6044211955364802
-0.7586655552588566
0.8308229447331612
0.6980423038103353
0.6885475394457323
0.4023244498750759
-0.2910955833716521
0.6761681764774039
0.43461635802332244
-1.2681786285553112
-0.7025038369432324
-0.6179943969834432
-0.18393659719734207
-0.6044357306435312
0.4294241536449436
-0.43492368130665904
0.0035972333064586415
0.35718875720694493
0.7936794663400568
-1.002448470988258
-0.17040259695012971
-0.39320714229285225
0.7962688227874817
-0.6681062351588402
-0.11353713354805484
0.488331241814173
-0.6837508066793078
-0.8822486669655154
-0.6987279171200323
-0.6464148929090152
0.0932240899911434
0.6979605772044487
-0.5664713402388528
0.038937196835836074
-0.10974459087881419
-0.8492255927527474
-0.09257370732423142
0.8858634375357805
-0.7161593364060991
1.0357410536782887
-1.1620057598160762
-0.903191033816337
0.7013534755600542
-0.09757355988114426
-0.5070372413811313
-0.13259938613991643
0.02643682391433702
0.10204209961611925
0.8388756498235443
-0.37479539240051213
0.1813872092045749
0.08301410048572502
0.8587805830199569
0.11519406857249528
0.44752792931943053
-0.46771132121925696
-0.502460212289143
-0.519392231222797
-0.10936513968917788
0.28481740636162167
0.1304288589191649
1.0141692712594748
-1.1688081706042688
0.48274941236690166
-0.7834560506810485
0.002974060514258567
0.8667423510774692
0.014810452435501803
0.7783507505351113
-0.35766709253744483
0.8394684039742465
-0.7432956360224068
-0.6961418652543709
0.3685738243779758
0.7368631683471025
-0.6734496357519417
-0.2822103418534153
0.771327910452684
0.02053749148695845
0.5102370331513029
-0.4768602430363964
-0.6443380298433788
0.374454340540577
1.3280954618837923
-0.5032834834583684
-0.3386261862094422
0.573045632376838
-0.8636151784111608
0.5074172989721908
0.982714573643916
0.059842217978504
-0.39032269250642915
-0.2797762760010769
-0.1432950770695147
0.13938342681225668
-0.13909283369093164
-0.08632156432160162
0.7782492833047158
0.5892338815997786
1.1456683831688939
-1.101829745987648
-0.3475730552627361
0.4030680382374073
-0.7930429477017944
0.608246383929765
-0.5437719013445751
-0.3921732394164317
-1.2650463922950217
0.8386879634833031
0.2909245297632246
-0.9348711659176294
-0.8586502426137538
-0.6505693519880991
1.0392000136562418
-0.13820936356871819
0.6894454868181732
0.6035427582538623
-1.1364286498129932
-0.9599039165571093
0.06146119589336338
2.7822342242905806E-4
-0.5735386110576175
-0.4727163802370298
0.2729272473548208
0.04234025610551029
-0.12301349630093769
0.5805572840528735
1.195007778290254
-0.5974359904571533
0.8511454076278198
0.3176648445939011
0.21501471794236449
0.7200096360964985
-0.07971364138824288
0.5644032597659792
-0.549590749370709
-0.7328554709588037
-0.5131667200856088
0.40215138246519005
1.142311983753494
-0.1945306103068138
-0.20483956675664414
0.9651973282256887
0.6275771709809845
0.9553839677674959
-0.872919989659689
-0.03167378828584749
-1.0269858545304977
-0.0492727664867625
-0.8953531013686249
0.010770889737914438
0.4686841559707397
-0.4205511967401859
-0.6214835642052459
-0.7844772555308421
-0.4841761318281351
0.7721797665055758
0.43743097428078337
-0.011389147100581254
-0.25185605960138924
0.38542405906661614
-0.01858602725718983
-0.6273060219421583
-0.8121055479118027
0.13502919467918928
-0.8511307496419914
-0.11792057962769989
0.5809948546592963
-0.6484122084705457
0.4920880604109874
0.8906775923242445
-0.5895385699119332
-1.1483294899729901
0.5935717332572318
0.9957746442493487
-0.28891854765957625
-0.21423581662598903
0.354625790599647
0.17398012221694048
0.6417178134166119
-0.49399867291189514
-0.7991659229611143
0.02793810238109304
-0.16022605170405813
-0.262321556053748
0.2670822679310517
-0.5919476588998973
-0.4089281431267954
-0.9011111402841315
-0.35733079237618814
-0.11314823245462724
0.8456037259038649
-0.541482858467635
-0.6952408622923553
1.0683395145900525
-0.7414783616227556
-1.082038495126521
0.9679228357937609
0.6402781543365069
-0.2795980340790916
0.17182092163716747
0.5924628683583547
1.064329826227904
0.9256194852538844
0.3665694598339918
0.9760940004153289
0.5198185662492949
0.5795551589411452
0.7658457223562567
-0.6417679774999396
0.8352477786835949
0.29796573641148627
-0.6284443687448483
0.8456557358276101
-0.2277800196880142
0.5608259882743047
-0.7858098467880171
-0.42572934042815097
0.723880709856304
0.14640975339142098
-0.7989362059751528
-0.2891614431295665
0.3386491331041155
0.3358434175390853
0.11778752918897356
-0.7924700510594938
-0.8254025436144592
0.3140689690695784
-1.0309379374495435
-0.7261678041701551
0.21276300914954643
0.07724751266933971
0.409890450339897
0.283885047663749
-0.9889742286002787
0.14903013689329936
0.23439387253036198
-0.7637613288417717
0.1273752277240006
-0.03614414357997087
-0.8270132022787329
0.5396089862907042
-0.21323330739535828
0.42676408077437955
0.8422245479779942
1.0577552069084284
1.354989372810489
-0.1508062280391047
0.4466665066796562
0.3762093810050844
0.7815676101257485
-0.21710825713530646
-0.05398850742218125
-0.9858105249703579
-1.2075158088785063
0.13180873793268127
-1.2030065087638686
-0.2782268432777511
0.1382652232132275
0.6007699739221204
-0.14543496008210904
0.9270544373161764
-0.6266112143475663
0.5236170411655762
0.9272581865528503
0.5905459975007757
-0.6073822645282058
-0.8384493282831739
-0.17957138285050164
0.6454125101270326
-0.491775498417901
-0.9946229040765004
0.5553022304223175
-0.35309313356569794
-0.21032431731334741
0.4940473073575786
-1.0552076752104242
-0.03013674012447716
0.8484271906024907
0.2660901624440878
-0.33331422169570996
-0.3415210535591578
