22 1042
-0.8355925767119265
-0.456804379354403
0.019111199182265892
-0.5496753345476353
0.6710564751929098
-0.17416978102838332
0.12115289889585856
-0.7580802013598229
-0.9653702468355203
0.2598118937699623
0.24057314543931563
0.23875115605709696
0.7695137514542134
0.7382249171310475
-0.040313280764233905
0.6184838746522376
-0.26849913267585235
-0.8935347571152337
-0.15374591946340344
0.5649261031376123
0.40929160613274274
-0.6097732178722868
0.4109545958861631
0.30820306714463097
0.36338293030254554
-0.1913546676415172
0.5113483604794327
-0.9409934404505669
-0.6241187036620055
-0.5997014739892186
-0.9831578767269293
0.5171566051625576
-0.8576448856154681
-0.8145373302427465
-0.40199931346387796
0.7616653354756051
-0.333078826668737
-0.5537695924603172
-0.3851254101632178
0.01894589367183941
0.9143365936593617
0.9267959233985301
0.2528424762341466
-0.9422369478378265
0.7279467790918899
0.5394189909891924
0.2907947790733483
-0.2260257561248733
0.5399171199336243
-0.49272011705967333
0.18531381423430004
-0.0949360028704258
0.9802553128712714
-0.21635711417451597
0.5158327036561647
-0.24607302898658845
0.1337083488424773
-0.9425529390855834
-0.7404154667346416
0.30330846025594926
-0.101303090356623
-0.31135214206083184
-0.1485193075648783
-0.8332358297548854
0.6700281382758009
0.5123347782718108
0.5328859561945607
-0.5510459412349582
-0.6027949692004957
0.6088543960253239
-0.8954146199849584
0.7775385780525672
0.9627303467097061
0.8578709553662669
-0.12693325489160312
-0.4791016718166683
-0.22012118867262687
0.3774994830466052
-0.6844298769810098
0.5203512917041568
-0.47300745272488154
0.795350257729075
-0.21181544760824988
-0.45750442096261246
0.01542935089790265
-0.2934743883340525
0.46259925862774276
0.09675762011150257
-0.6691254423171022
-0.3556859286193932
-0.39905372107005066
0.26517998343170834
0.5928032252334461
0.4225294045325616
0.2644975953905324
0.7559354958832247
-0.05554067733129364
0.8041457335144544
0.6008099010204886
0.519007548551325
-0.2842053163598146
0.10908217795316855
-0.034762866956344673
0.9519294222692496
0.09439031567578882
-0.4053053129852551
-0.6934407444913473
-0.024570328613668924
0.09446021140981387
-0.7742647878364848
0.48280387979141537
-0.9267183751620081
0.1316157596424945
-0.20375897065406012
0.4721656537046368
-0.23238932159712267
0.09114681866507968
-0.7259780673783336
0.8052565998732077
0.9403639329233231
0.42015444456031625
-0.290886576078873
-0.03125245031637003
0.9136016421264421
-0.5210525487677429
-0.9192301003514267
-0.9832090291811622
0.2657218669685679
0.15469378439598458
-0.9467269187155061
0.1754416715904512
0.9876832508909434
0.5703954364580792
0.7690346171223121
0.8366208789077412
0.7727443226939923
-0.38516622654370125
0.5281756904292254
-0.9880021898743148
-0.014809901774685663
-0.025789161986438103
-0.5130320765589549
-0.9465105767366273
-0.8320292992559499
-0.6362110697981276
0.3532246483364434
0.24590940623620505
0.8261289744160065
0.7379110051312792
-0.5350662049750388
-0.26137728689590367
0.6623482915955656
0.3993603835711934
0.6091271253297252
-0.7931067502258784
0.4429034522112407
-0.8659022120128326
