bobot72 31990
-1.5059958945867016
1.0017032770630525
-0.8599894551004741
-1.7897852830607552
1.8854778978655775
0.11021322279405374
-2.0204174627171683
-1.601628773126582
-2.0676994345113995
-1.7264172107180267
-1.3825357708434252
-2.466227522528726
-1.3632111239418325
1.3813387688296768
-0.8390168147138801
-3.2576836325540186
-1.045694852387081
0.5242283599819624
0.23449011275524467
-1.6149911833412944
0.3028323773692353
-1.0852000408054732
-2.547978726684807
-1.1107700061000474
-2.214786960388435
0.578550801778114
0.2607613395885292
0.578131353211739
0.5080681037306671
1.7236883323513277
2.8801708262322974
1.9194823298974268
-1.7211322000167248
1.399035679768983
-0.9663508925941651
-0.04098399745285125
1.2241663779113605
-0.36042724558203876
1.256387658822666
-0.577054991012778
0.5748764528398224
-1.0135677841133384
-0.08805441464159539
0.4985253793409308
2.087110773622094
-0.3900944033022543
-2.4767139430800156
2.458790117027364
-0.7227133468156207
0.6699442778901041
0.410612858028618
1.686076742910548
-1.6282518076015735
-0.032360675288646695
0.5738808605638495
-1.1755831873798908
-2.911403310297343
2.529572581957322
-1.9927733554611717
0.6169008198948738
1.2539029124523458
1.0344764130972794
3.828624177246485
-1.5967745761225896
-1.9853643883086616
1.7532815708298188
-0.6553135234472731
0.7551051005746706
0.730785192430959
-1.7366815068476238
0.045449947402274954
-1.5068913576328713
1.5182574071084698
0.04968749357281471
-0.5572349472479045
-1.919087974190281
-0.4940460710613377
-1.0898975824916908
-0.22403959593208733
-0.5560008883523366
-0.21951226093883017
-1.797220742450372
-0.2257226907594061
0.7797388279996048
0.4753221884249849
-0.24970694346759795
0.0979513455518611
-0.45288112613563103
-0.23147889534731433
-0.06815154597284451
-1.188024070902984
-0.009966847437998819
-1.0633363909470839
0.740103448816195
0.6560843890200092
-0.8157508949364991
0.584104097913073
-0.2607757653504179
1.0700097466836345
0.026076523347319455
-0.27351516367173095
-0.6749608354620427
0.16972727166763457
0.45037351967326966
-0.0032452349038345485
0.28455974177194177
-0.5724806222313267
-0.20484732623503793
-0.34773686967943734
0.4919603435322977
0.04989541840199821
0.34387031350693475
-0.45607786424147334
1.0390724894310523
1.2478043490877908
-0.48927835903604067
-0.4257981927984269
0.27409608728551044
0.3046226325053284
-0.9531308114969999
0.9897310478597706
-0.5229507046230171
0.8311031263336455
-0.46033572362648634
-0.321488611166584
-1.0576473387405454
-0.6480983214135974
-0.15040287645695252
0.7411008620951574
0.2823221806186165
-0.4066508009417361
0.006529611499978882
0.16992742270239736
-0.3899341586816987
-0.8993444955731179
0.7375742457813163
0.005248061237433543
0.6771272310945999
-0.3807670940497908
-0.6203042371949421
0.9097803345467083
-0.5294371738986164
0.17299300078635582
0.5702397065287391
0.15485886174935626
-0.5952487567676564
-0.007155398162528272
0.16953101204776508
-0.5203552345505593
-0.7778696149714273
-0.92142888456908
-0.11345671989967286
-0.3336779974248348
0.5967836560899831
-0.2111295343968158
-0.45787275083828216
