6 2824
0.051417391298752835
-0.17204832032111483
0.09143287786737186
-0.38111992628844393
0.7345197605744356
-0.11468085910458792
1.3988750661482794
-0.038689689069529215
0.8145380791870686
-0.9770812847423582
0.5520706008155646
0.102360184759681
-1.404420232414318
1.5002380050566528
-0.784438845277788
-0.7778812262704351
0.5477489107053617
0.7779002340554112
1.1740419018395596
0.19884480474804794
-0.8135328688531409
-0.41979943775372347
0.15496416977569724
0.9920604091305381
0.8708046424271509
-1.240477846804596
-0.5004411311033738
-1.3347758385621245
-0.40155599499460237
0.6125507475327079
1.4094060295154467
1.6861361192094853
-0.13551503323252767
-0.1465085238464792
-0.3712126819156664
0.6661476851733421
-0.14282435352118233
-1.4009785815231088
-0.8218499949673368
-0.8118382625649657
0.25978884449098144
1.0243687345521593
-0.765312849292012
-0.885459768099059
1.889032847286013
-0.2022646969345328
0.34905799519710784
-0.5121955619427591
-0.4840166210438902
0.7966924077336688
2.3983623382657324
-1.3349723750161158
-1.144061807260452
-0.8196778518272663
0.1760531088751131
-0.4353879343311622
-1.256551908638274
0.2542698960725913
0.3629105093570826
-0.5478569723140345
0.3161377255734308
0.4022816628371151
-0.19801072527912378
-0.2943523880173409
1.1347903718674166
-0.18938191489781814
0.5081613418583217
-0.5561247475068593
0.6831266398012291
0.29386020834622945
0.09599545995214759
0.6914350042982982
-0.21058461220841584
0.8777118057324566
1.104610942835379
-0.08448902166221053
0.06256932049999281
0.6114388659293953
0.8406564110445538
0.8349042888403178
0.20035384354700314
0.22755664333217446
-0.3423813680955144
0.20396543410465096
-0.2436112548196336
-0.1888140944102685
1.198948734096403
-0.9443599258579332
-1.3426986800908822
-0.14474666820293972
-0.3921464024688421
0.4328645665426779
1.1433812113153785
1.1549542235486407
0.4331686305528806
-1.4166457872543317
-0.5889028600071233
-0.3553895380806207
-1.3679894499612681
1.0049692608595369
-0.46014614639758517
-0.63883052367228
0.537095869805222
0.243503569350102
0.19014015579260035
-0.7674582044576982
0.9815415526259199
-0.5278186253995348
-0.13244209905140797
-0.772447305157657
-1.0510103685534655
-1.1717807964054683
1.565498525902988
-1.2127630022570945
0.17781659016779033
-0.08717044239364624
-0.4095020054153278
1.4029608832921563
-1.8367675942222272
0.7807407477293259
0.005751472146595868
-0.883105293508974
1.4860410871230993
1.109742942164328
1.7887689631587542
0.564538781166844
-0.507245006865698
0.8445329961048404
-0.16519170704345676
0.2251004359654177
-0.426596172671666
0.22627513238465707
0.19099669972722436
0.8879205142558515
0.7476210372249409
0.14539783378969856
-0.2752326750523321
0.4243071233709096
-0.815718978111645
0.1379285183170164
0.4977621618525749
0.39565713813293013
0.05229368277939242
-1.0556495792329534
2.4208278465764423
-0.8420322782570733
-0.67517788004647
0.16474624926595524
-0.9479077827969141
-0.21513680402378182
-0.8753453917802204
0.6304614871829026
0.42812206990621393
0.47811416395473877
-1.010255994939026
-0.21329823513422522
0.274561964219405
