12 4433
-1.2993492675065261
-0.020337583728992914
0.6087658628837939
0.06913068586793278
-0.09558266871940199
0.11869153092952922
1.7511390084614578
0.9029700831409495
0.8744784450580687
-1.5464252971214703
0.10429225569906012
-0.13074518583423123
-0.6101489078025764
1.1814100991404963
0.8985972051054607
-1.9396483383565577
0.9617358666714282
0.46491816062165087
2.5070093156528253
-0.1271258911457411
0.746482603227659
-0.6850466180043794
-0.10776528516860992
0.6598307415457801
1.0334161113859557
-0.3705861848211799
-0.00952375779629322
-1.4073751188731798
0.07344805218032016
0.5224728875298885
1.548068225414458
1.072788253531223
-1.3164868269796326
-1.6136738348093902
0.3416184141027076
0.1905219759010293
-1.4396152165593417
0.1911475236722924
0.04744918336392781
-0.22950841110720122
-1.4972501200131996
-0.4442554974615146
-0.9150523748690644
0.2304548291384537
1.204661127938131
-0.011278105499443858
-0.31953912292673164
-0.9523526348298791
0.2225785035493747
0.14115840850064126
-0.33406729630282733
-0.21550500915123755
-0.8661492955322776
-0.7647875870625277
0.7094420211478124
-1.1812838059869577
-1.6052062806536345
0.9482652321755296
0.41622519584697315
-0.48746929597308897
0.23209724574598495
0.6133443492059225
-0.9935887538088775
-0.8490300356376045
1.1828299596290461
-0.27707041853247216
0.3982177109711115
-0.9983107027045308
0.2761828042497187
0.3596740215373691
-1.1731952191217196
0.38597921375510447
0.6516850746181084
1.0357584519248182
1.215886331005401
-0.10248868699515576
0.15652744934275925
1.1701308451222343
0.07717680132476792
0.5844425017675182
0.3754004650423455
0.45095028344577237
-1.0944796663997405
-0.2430181987656831
-0.9833830935758933
-0.39271573102572044
0.7771884119923147
-1.163631019856925
-1.9688485920375243
0.47275438967857747
-0.6506118201159092
0.5553288128670226
0.19052648577236947
0.1436121604217957
0.5270014004472798
0.2614749644858219
0.725346465076695
-1.1789719094174258
-0.11477024491194629
-1.222586600061128
1.3754386953932909
0.6344131331017686
-0.046940516195116994
0.7716644147237205
-0.3093753163733177
0.8900900974490589
0.4687103493017213
-0.07332967296308307
0.0705682202839838
-1.579128666623182
-1.1462032554624786
-0.9148408462515354
2.068831347761373
-0.7778912603403058
0.049553828104520664
-0.8258243411815369
-1.7990353755669428
0.3494486762073083
-2.164098455688116
0.338918106456818
0.25521206560401233
0.17134344491345904
0.7422419161014304
1.022361113708137
0.48370424311237725
0.7352306268912029
1.5976993473056458
2.096540200829426
-0.7598759265144115
0.9153498492378338
-0.7930396717439413
-0.007072529851659799
0.6380263946770512
-0.7091033591159392
0.04248255257450051
-0.9938828925714951
0.2472373968401669
-0.9834452672348336
0.25100510057970926
0.02877709107600175
-0.5744500659951289
0.5471397231853838
0.3872913749239624
-0.011357335085247305
-0.8912091132935911
0.7752667910314031
-1.3373559988533783
1.1917658163821747
-0.6938617373204834
-0.5102507640604997
-0.10421640557600971
0.24671399864482607
-0.2996549157898151
-0.5176468002619001
-0.16185352695863048
1.130124180227765
-0.2746249672077536
