robob4 21294
1.7276178041405201
0.16298183265890054
0.43444501574204963
-1.0307625484031173
1.624380455767643
1.9840910719757192
0.3134940317456236
-1.5413951726235202
-2.176855777646491
-0.09530595401224193
0.0047156373201828194
0.0724986741087254
-0.4075677321125676
0.27646973877092756
0.6164938684671684
1.627511227862405
-1.0811530676722692
-1.4796608386381769
0.8950497695739578
1.3289448169205644
-1.7479224174760342
1.6391193921770963
0.5197359577509315
1.2460612249268341
-0.08686600766799576
-0.21841857097059286
1.4103683342889757
-0.9472333690082724
-0.4402781300646431
-1.432412589589669
-0.1511967812801381
-0.12069573795951745
-0.594857724304975
0.7162647276706529
-0.895478384245782
-1.1222439274800409
-1.217307310356664
1.139908663340102
1.2453963611112169
0.05524954560590705
-0.24795604836992877
-0.71711325407463
0.1766437273734005
-0.3694042227526847
-1.4111497444278034
-0.6568202340425809
0.5607703818201744
0.6866501251718985
-0.6735794920063473
-0.32360482802480456
-0.6268153092152129
-1.2400097939786066
-0.9192975705997846
0.12571196820772157
0.05723961939972108
-0.3759390073196118
-0.5120667523082695
-0.1071722701875664
1.5126630537472407
0.5420110254117554
-0.7515103021029335
0.14229718382462703
-0.8780549954819866
-1.1220876158030897
0.2645925377710586
-0.005654952669179453
0.4431653211953771
-0.8986273930735595
-0.1985124081629356
2.4925388046487735
-0.2257707461280724
-0.4172026213567179
0.8695786202870601
-0.313538138985179
-0.08382333632594699
1.1872872245671047
-0.2631680601373386
0.8133463850609626
0.9194511379064418
0.5255918683500048
-0.5969663047456845
0.43142612468192987
0.6851214956107321
1.225139197542286
0.03347846812449104
-0.410695556561111
0.13748561274075952
-0.7874748796550248
1.157151500452902
-1.3037193545788408
-1.2691526600473837
0.018161794350801536
-0.15574064797222167
-0.7964987443740211
0.2516722908349802
-1.1395817038092144
-0.10892170469178653
-0.4775773033688197
0.22391640613496455
0.456085997416712
-1.027796138972721
1.144383820108518
0.8778006408026716
-1.7012939022301363
1.8416389344053372
1.143719349412945
-1.9291513204716266
0.6827139721632803
0.13921796356527005
0.49947981423541177
-0.8719908067701252
-0.98555621625449
1.3389098325136457
1.0384835677586302
0.40084930164141075
-1.003703115999622
-0.7516786154508006
0.8473821656031135
0.0664794298236134
-0.682827436126497
0.9065291214426895
-0.9805062950509544
1.1227786744621386
-1.0236896821864672
1.1794764889720408
-0.8808365158218853
1.511382974781917
0.9245603745003929
-0.5025686161583617
-0.36549608155946517
-0.2609934888019357
-0.5760309056450788
-1.0774299451715221
-2.01497823142052
0.3034495106540787
-0.5645658402960212
-1.210630557707188
0.6199333512113747
0.5844426176824463
-1.1963754551956132
-0.35288043259537505
0.1048824747423288
0.7149958286738864
0.3756500375364824
-1.3243885989744044
-0.17123611396659819
0.7235765508390497
-0.3065400565173225
0.5337285570524795
0.27037842118179894
0.07491964475686522
0.2771445981318025
0.25792533256349587
-0.4226411040931985
0.8835248510546122
0.5574188035473877
