14 2883
0.14307390958202545
-1.1440851841593798
-0.5572713172285192
-2.1236931652355886
-0.3010220970498324
0.10508770180331178
1.318002096557784
1.3293496599034083
-0.7724613741651009
-0.22849761122397497
1.4632638976858832
1.2276578943144423
-1.2904824964623451
0.6956885681820867
-1.1003500824476715
0.7850182682871581
0.46708475373087
-0.699285892402935
-0.17820126723162244
-1.310394253381058
0.10738481395828867
0.4187069529766673
-0.7042868523070273
-0.2335267954411146
-0.024823073513040726
-0.3220919158084605
0.9809686328623368
-0.33110529867195315
0.2727521908457053
0.057231605510783434
0.21646642313438988
-0.5934888847603395
-1.1956516690460361
-0.18703183827365294
1.0725192352689705
1.0266695504914118
-0.6618349444561429
-1.3403953877107595
0.31048791954834315
0.7614536056938933
-0.2739735127292005
0.45178839683457245
0.5870222270011209
0.43889381807954775
-1.1540275750032731
0.9217880589593461
0.1422226111322601
-0.4807692575894369
0.12452286719330882
-1.3281999091292247
1.0762237432803357
0.39467802682788
-0.06265357575734021
1.0092734066066997
-0.5832493190885019
0.8479721776552251
-0.3174256257390218
-0.29900012063180664
-0.41237835236829334
0.053474326137210704
0.6140821724792529
-0.17084761616748656
0.8758621459072566
0.7982372270919342
0.4884373542096362
-1.036904010257983
-0.16776584911807674
0.2043014081362626
-1.0601799490053683
-0.27634591753192983
-0.6608086885293483
-1.053223476332121
0.7495778418273576
-0.7437988159151803
-0.1459998185779054
0.6724680909752224
-0.2115222939882686
0.6051317103851444
0.17469518443815718
-0.4230865126222084
-0.71683475516475
-0.8273062637863267
-0.5553628056627424
-0.8272970559764502
0.6319671380277363
0.4703252299502171
-0.7472948492532765
0.5400520456078682
-1.174158286146281
-0.06380639993402748
1.0414761038400475
-0.09196269168909493
-0.38034296719491356
-0.6794987275151005
0.6172938162829932
-0.7699868747128745
0.7967720176404407
0.03960489924810617
-0.7191934325655068
0.5766158600926072
-0.15052791200650545
0.38419123696515256
0.15272196067045984
-0.7496541677301198
-0.0916236804831509
-0.7537692243959516
-0.24048234309301691
0.45717257924701743
-1.0237514088767394
0.4152728754458811
-0.6853502185204108
0.7250695643053129
-0.7636138348253811
0.46689184514584625
0.6392916475434507
-0.37171052578522357
0.2635070000291684
-1.0345230355480206
0.5329006694753444
-0.914742859059025
0.02391863451039962
-0.8087856451946611
-0.29222763448859396
0.868756605377816
0.07130421587236101
0.03434571774786391
-0.5924859864674039
0.586922690074337
0.8548348437586122
0.4031248525536446
0.30659928805159636
0.0749559287402306
-0.5440772861085444
0.029702113892864146
-0.008034502942968785
1.1330493251673608
0.5217212837955321
-0.2751838420525631
-1.146232495826385
0.39244501988130426
0.2148203829595275
0.6655003552575093
-0.1391951981291255
0.9924666414249972
-0.375406747511577
-0.2096194707927639
1.1628747986671366
-1.1912995710774146
-0.06693737036610015
0.8712245894015573
1.2397158872799934
-0.3807936216765487
0.0016903616724683879
0.854281864572493
-1.159873648372137
-0.9161383906836309
-0.3907060868760407
