Type2-10 215
0.42716920951229564
0.7300695302330823
-0.4227620209779823
0.593645025049036
-0.5827382197989008
0.2361736279831784
-0.9752367745538892
-1.0445153802877536
0.5216970141935664
-0.20724258241946938
-0.46417034947886887
-0.19995638727975573
-0.7618425211320965
-1.0282078413756301
-0.6358579641528084
-0.13329632607766628
-0.8245135512922597
-0.9569450742957939
-0.8749606305919624
-0.022630734879994507
-0.2861609714461981
0.6696627855530641
-0.20359743573175978
-0.6476428920244537
0.09804184438580071
-1.3144495485274712
0.466516024181362
-0.2397704345396361
-0.9003741585930664
-1.7125533497560816
-0.0054398474831663934
0.6185284334524339
0.3397679098859908
-0.6093048339906468
0.5135786574244239
-0.9867255794920564
0.7179998871167075
-1.1076026350846768
0.09677991868710925
-0.3709824826051684
-0.2885227939220692
-0.5621273668270105
0.5239818250316739
-0.5225114346399875
0.22356971145087237
-0.5293747100219042
-1.1465780009744813
0.6934876010462636
-0.20394575558340855
-0.8247988182728161
-0.9024241215480294
-0.5554426708242516
-0.31554828617620795
0.265324491325036
-0.2965579735382924
-1.0316547872849176
0.651436360190659
-0.9262027347702853
-0.6682263138745462
-0.23092186637057566
-0.691607371097552
-0.65326756910533
0.16672278852309558
0.41846913558964494
-0.96047188012452
-0.23170195311230848
-0.35740376988845624
0.5537382837754456
-0.19790341241464224
0.8378224504470605
-0.6789175732197796
0.032353456934163694
0.9531093426461653
0.08287948095366185
-0.018640034307872366
-0.3459473666682325
-0.7837141613786061
-1.0962235896605952
0.17998579073150733
-1.168172514488072
-0.04101458069276753
0.09461353837344957
0.4523173998933774
1.4501689973619662
-0.16405055676892916
1.046850675076527
-0.6847947808579689
0.7183320483033793
0.15469576786532457
-0.44854497755483425
0.3734570090807246
-0.22258084265072925
-0.5525211810860674
0.5931820013148708
-0.3900198826118901
-0.2595759137059066
-1.2742442465417876
0.5436378074468087
0.5411311470624582
-0.1357878011837347
0.9845553391529109
0.8998875521551526
-0.7439682968314977
-0.3782441484321366
-0.4454745852031467
0.7101194086517948
0.3962354206443235
-0.11000102790011082
0.0934645820867783
-0.8401960278055438
-1.049336342872725
-0.250725587256474
0.8019412522792798
0.7961424975411413
0.7372979954753884
1.1790807548978468
0.37039614026742473
-0.3605003362165217
-0.028669333762743998
-0.0018551702626331268
-0.27421462746326414
-0.9491161218686425
0.7689108479103361
1.2583746031854184
1.2378798142611291
1.0812516967506847
-0.3260267647971765
-0.5226365282077808
-0.6188732697776765
0.521699406724639
-0.12118649577613591
0.9828950634173371
0.07737127144567046
-0.26202338676510323
-0.11096797922991208
0.6169282865161255
-1.0675446470778172
-0.41671913700638996
-0.6263419445988889
-0.24690211805694257
-0.7046836821004513
-0.44204569586984277
-1.1711162960758168
-0.19427108442273272
0.43742738676302306
-0.444466483538775
-0.4753934486873381
-0.1435344640018
0.2358182048792445
-0.8566551580248972
0.8555687870324276
-0.26598762888130384
-0.7588771884113406
0.8931616336472852
-0.7606583469003485
-0.36922212905631957
1.214207382524525
-0.17924199203851987
1.0655035003485631
0.357776812695302
-0.8724772175964874
1.1396834192624603
-0.11335001447534959
0.7141818067384516
-0.8964620205190245
-0.2682736753873284
0.8431753057058962
0.0771258269483121
-0.6332438853563983
-0.15983077092709813
-0.05223635085070813
0.577002631731411
0.22919629392769975
0.3591245765935791
0.3200990504463445
-1.001710882493275
0.46804371309028125
-0.32154511744937736
-0.4926798089794493
-0.8200877922299619
-0.3237242257552789
-0.7370521645909898
-1.5075049437504406
1.0771286312322668
0.41859950984065114
1.294135696109231
0.2626694051823312
-0.9337603737014707
-0.14974964215377345
-0.21565079100552423
-0.23458355662298816
0.06299607416347514
0.3626694538722912
0.29770775106371167
-1.1242964541256677
0.12877703553401176
0.17708562946131157
-0.2503798719995015
-1.165714983483231
-0.9486357942924374
-0.6879408058075498
0.4483195354228903
1.1621601895887417
-0.8662094698590088
-0.4943557926751018
0.6492368085884985
-0.5390140184367803
0.7476516065913672
1.0103731970318808
-1.044822146220008
0.24677602135488194
0.03839142339370011
1.078981165449502
0.8621409398559319
0.3132727386070887
0.22805858792659617
0.07126849777178518
-0.9488232618290267
-1.1021357811790349
0.4085711032098524
-0.7075474954030262
0.42505065892885663
-0.04656610252000408
-0.4834545486898522
-0.20647059943852805
0.44653238451752697
1.1373965822445637
0.3417159407734662
-0.26622364980977065
0.09058335861810402
-0.5524930296987992
-0.8244011120923609
0.806965098851222
0.5069891275571132
0.46525463105046827
1.198632293325494
-1.0289032734552517
0.476381603446374
0.1358863986267866
0.38333277218585743
-0.24333842631487496
-0.9845771282868299
-0.7188595398233356
0.2871420995362908
0.915235215165453
0.1701116175923808
-0.334502792506517
0.7825655518901844
-0.8319164574627688
0.7588009885139642
0.5873003886125288
-0.9698551538356498
-0.6267579773704502
1.3181250312782806
-1.254418874945376
0.018814435291885562
0.6838601495632837
1.149447553832006
-0.4322373292221276
-0.8464851752828865
1.06126314640807
-0.03224686706632442
0.9817738047076552
-0.14710010415796565
-0.432816448217786
0.36502257573733754
0.654092109469002
-1.4368244322819035
-0.9824746352019338
0.2097314651161261
0.04719053690780062
-0.4577066218331317
0.16105918174054634
-0.14895410301093115
-0.22497994190126774
0.5313215893896179
-0.015333005531822373
0.20237485190101095
0.6182005739685605
-0.25262010962195824
0.7285450407403212
0.623907768394678
-0.6139095305611985
-0.5066529457647696
0.68279086175252
-0.7240710653570162
0.10992331316868285
0.6672775074465772
0.8244631326355862
1.0941407147435356
-0.47993296570599414
0.9973957338781105
-1.3702344684752683
0.3187091622193886
-1.001247352390962
-0.06130344901953261
-0.060301405515821783
0.2036198720273138
-0.05687948158664724
0.01550086704060965
0.3018976437508052
-0.7169934111126938
-0.1893952400094395
0.04358795545129309
0.8928387026384629
0.7099028056364144
-1.004046711233955
-0.5285926880527873
-1.159574276497741
-0.17762501428595429
0.3110634451034989
1.1748907843584564
-0.35023227214222774
0.4576056066405223
1.1606289270631807
-0.5335966772943497
-0.32542947873916667
0.28049639554152184
-0.37618155127493863
-0.9918299267656272
1.4089513532472548
-0.06877994969010781
0.28242108631268936
0.10652457863215259
-1.2276521371117042
0.9755315556072818
-0.10858797367137352
0.5577079776882333
0.4108626116594395
-0.3533682763445059
-0.33203994372027856
-1.464378104109647
-0.9013603507533621
-1.0085491044411952
0.10422652049748948
0.29587584732784605
-0.5340317591169058
0.9524499956238712
-0.4297730938806602
0.5184652018367824
0.21701296187423524
-0.9246244762290283
0.5243324127824678
0.1826851203707915
1.1336127056741172
-0.38253854122136494
-0.2172958280748333
0.8473087732246484
0.7734843744661906
0.8407466251938787
-0.07411267270328958
0.8954279821116299
0.18903308700838778
0.8345007162122929
0.8412723041733533
-0.9317244535592394
-0.5782834002864798
0.04611436706097374
0.1770547349458509
0.25693094268640504
0.8108979932935914
0.0014628265538806778
0.4625358807925273
0.2068355816183039
0.10340040009738288
0.0975226266043277
0.012789114133207324
-0.8344775258412211
-0.5285643884968914
-0.7278395513272176
-0.6094830202439383
0.26962000113759504
1.2422336604520172
-0.5745991679234985
0.5176132957427255
0.9323719344436774
0.8989371771222561
-0.1202866464953376
-0.9031999772684554
-0.6462792100494161
-0.5329591247558415
-1.5765707124232047
-0.3570389655368254
0.8649951357798003
0.04074452553554611
0.7505299188291872
-0.20075973286231313
-0.04981019700005762
-0.3918222475513804
0.9984427417046237
-0.905048604254401
0.33871926917437667
0.19285066356310213
-0.8183486239894405
1.3615789748601885
1.0608156952097128
0.8259155913567667
-0.02532965118298603
-0.038607928924561004
-0.8250074062909762
1.173446002926121
-0.6164506456655316
0.07398861927714187
0.0030794794077900894
1.4455535902611178
0.7179523311923801
-0.3229842420878737
-0.9189542447530371
-0.8076922005476903
0.5783272848242476
-0.555096843924214
-0.07129938180523496
-0.20359585889382698
0.2702855665680962
0.6475526928190874
0.0123866426223751
0.42975275939058266
0.924568845271841
0.45748174903849403
-0.8684023281216964
-0.6262459638622806
-0.09343299278630601
-0.5005655916525502
-1.216383662978998
-0.21585317848456392
0.977955209641618
0.6074211098294175
-0.740446553748163
0.5001245473859278
0.5542087434654219
0.4644312202434053
-0.5555335253350868
0.48700386398311535
-0.11527948799896863
-0.8173573359080306
-0.6416516539053093
0.9106225154195213
-0.30225870826591184
-0.9747603298778977
0.6066996543303027
0.09657655967265596
0.8587934103982038
0.2490124063487017
-0.9281427725883128
-0.22293320206653688
0.6534526850616524
0.013836619756025237
0.7605633191050413
-0.11146113611636278
-1.039105304296393
-0.5365961061053945
-0.7675194307513609
-0.4148263842540611
0.8937886946829624
-0.9744558398123178
0.6771082609424589
-0.17098120769138347
-0.32618197545027056
-0.015782639097317336
0.8673104761874711
-0.13552805055155753
-1.0174625375595618
-0.7096826372851261
-0.7347562573540637
0.028108343496222807
-0.7943082426283942
-0.6320212738872895
0.9022510513149359
-0.09061376322973497
0.9848457912888294
-0.8129816595671369
0.4280932668495712
0.6327836102254204
-0.4478129181936282
0.4142861155393656
0.2250826627856511
0.2803218049229066
-0.5303954181178239
-0.9044788852197578
0.5547809357807643
-0.5091907257653232
0.5088806941262246
0.1086021472110763
0.48909460535563754
-1.1785676049228533
0.7383883527096206
-0.08968006572428489
0.8717323355455231
0.5832673228751238
0.7228326594772957
-0.2056936110592307
0.2455008130318362
0.8126150903838676
-0.08759743319032517
0.6700432551864006
0.9753602261479484
-0.2922586832376309
-0.11763728402941784
-0.7624973160134761
0.8300063471264808
0.7648766391534076
-0.8253315821678815
0.3380455909733124
-0.1411788390353147
-0.83037356756848
0.42294996905417215
0.697910141446626
-0.04924300030125395
-0.6936205768611994
-0.4865284943377221
-0.17642198817558088
1.2862315747643067
-0.8054161613662676
0.6645232808218029
-1.1224861806278268
-0.7406241194071873
0.19090606917798092
-0.33462008237145974
0.4851291614172012
-0.9795678641744883
1.0181660122735705
0.22734152414319592
1.2794156465417112
-0.06988679504343998
1.3703905583489115
-0.6274293656775392
0.6347298119690534
0.5187107791642944
0.4672783942822251
1.36433253477289
-0.8377224804399332
0.11281237358478197
-0.24062025586960956
0.32100272533870694
0.6702368168208226
0.50356867912586
0.06620548735352122
-0.13361301649449114
0.2658313307929535
-0.8298588034866989
-0.02682554381000779
-0.651015206741634
0.7136849230778122
0.05963645608648449
-0.13392813465315645
-0.0143230748242964
-0.5114240736982245
-0.43821433127070675
-0.7129339621963471
-1.2194202711114153
-0.0251289306131659
0.6517231176590935
0.5679072470680395
0.6818824871445315
1.0024026459547903
0.3884016282521987
-0.07150566195139593
0.7024425719928997
-0.5619842353912837
0.9250001222608639
-0.2196151486090614
-0.395640033364719
-0.8286602479799119
0.5637488761950078
0.38560515550862373
-0.029493562963578718
-0.8084672140652029
0.8633913764332334
0.8449300868788869
-1.275968952108908
0.057162212206743446
0.5576524928280674
0.31486380275301923
-0.8979434042245977
0.08188492723071791
0.482125647286556
-0.031230623027996396
-0.6964536681948139
0.806574038836807
1.0275823811437899
0.4897616698564049
0.332175270778618
0.24775251681198215
-0.6489275255664659
-0.26647198496668123
0.6169352720650209
-1.0802746361288496
-0.4527924368428773
0.7943545420018979
-0.8010367762675792
-0.6971720166125346
0.12487555794329513
0.11021574920603561
0.2699504273997507
1.0862244377769654
0.328113745253531
-0.17263295348837365
0.2814941312229678
-0.1098960683183344
-0.0214090216017703
0.5633883690007033
-0.04688347613405419
0.5221831677485094
-0.5516928247754737
-0.6465929069039631
-0.47530027289814025
-0.6136993448307937
-0.8453671312491118
1.0766900888508757
0.6308206680723388
0.084693567176642
-0.08012320587457153
-0.0527811772408554
0.3178262574680424
0.36373575907003874
0.17081425833069097
-0.46667976868710864
-0.6254144609001747
-0.8844353583950524
0.8005569195517552
0.6332544871271263
-0.9192107592893586
-0.7484563463524632
-0.2839534593068993
0.07913518457620561
