3 3035
-0.4311987550238088
-0.936120926219604
-0.7414856201826341
-2.1236931652355886
-0.42721618160302716
0.44696394756024893
1.4296069637472164
1.3293496599034083
-0.5700246884974655
-0.04694282998396232
1.6076484723962925
1.2276578943144423
-0.9868039049920695
0.6468592608006407
-1.1003500824476715
0.6662474661593876
0.4858399093918675
-0.5640933068205356
-0.20057817038309342
-1.2543108145892692
0.23001286958190842
0.4275545606508935
-0.7042868523070273
-0.19195630546517323
-0.03050098483797539
-0.6156045262211646
0.9809686328623368
-0.33110529867195315
0.5312608754640765
0.057231605510783434
0.20050466360883817
-0.16694203858363682
-1.1956516690460361
-0.18703183827365294
1.1995574054979183
1.1467784739986695
-0.8749600771639888
-1.3403953877107595
-0.5666377816993486
-1.1056818225008116
0.3238630604091623
-0.03640938268180463
-0.005518794556837542
1.543272746715843
-0.34271841846385437
0.06056743555905157
0.24647780479209075
0.16525405325767495
-0.6386711063112722
1.0324911810573274
0.36794535971330294
-0.8859943237601953
0.00955137127786932
0.30226095165248057
-1.0843575736131132
-0.1377136466130252
-0.3236971107252214
-0.1056735113625984
-1.0207579000426983
-0.5644106761034685
-0.831390519746017
0.1819116259331639
-0.6687449534861014
0.6435221135012621
0.5190294023151323
-0.34473572534511104
-0.30061733854047423
-0.19244494392603123
0.5359714388092891
-1.5655537145824046
0.2856267240145187
0.5019708582871107
-0.4047936283211392
0.04036998146474262
-0.3397294987788641
-0.6101998124243151
0.32427966496299926
0.23132534634960294
0.674834788572024
-0.2391930993547018
-0.2924134838342857
-0.46970041831054204
-0.313776712519903
0.8068696772181676
-0.43786198620217925
-0.45918832306850454
-0.4798903776965704
2.3150533438823606
0.3971521447389202
-2.016572367927364
-0.47933881269923295
-0.6439790112305015
0.6379749387876265
0.42066529017271337
-1.7018368298389326
0.7950618272206823
-0.23522947345865372
0.2591703658051755
0.79911081129036
-0.555244681946036
0.19421671018066433
0.5427616678126371
-0.3716500724482965
-1.5655492154684303
0.5339963167612971
-1.019166877978454
1.0895644168080885
-0.5168469489767021
0.9703908514394041
-0.8878443291738897
0.6254598090330338
-0.6770798029935492
-0.5123927967390567
0.26066970566282077
-0.08040191220288906
-1.214134763125813
1.0961153922384004
1.2586758982314958
0.3618363428565285
0.3958421994658642
-0.16991778235151364
0.6313666371852198
0.18187644231884015
-0.7000718680854183
0.5797676725510921
-0.8031969584111532
0.6199755532213034
-0.455171180974624
0.7472547591306461
-0.31198909891276777
-0.7143881158088533
-0.17411289156336632
0.11813370793208805
-0.41131568783257044
0.8429594488075105
0.8697576567616916
0.3481574106162338
-0.25179401134555573
-1.5306000864145306
0.01304423853764234
0.7652010746946821
-0.6943347158626649
-0.5430545642119499
0.5751728189190407
-0.2872195245215194
-0.7805225293931916
0.22280951749005035
-0.24047680202
-0.6214718446500285
-0.42381951862320005
0.45775261303401715
0.8583932179398861
-0.23096915683665126
-1.2597272686068206
0.5862447944447058
0.8277703579999779
-0.9498043621824936
