maurice2 31651
-1.5846194225573815
1.6058809306857975
-0.3023970028754238
-1.3194391916765857
2.12211420093564
0.17034773651795374
-1.4183389059818223
-1.2596777956486807
-1.7787186984262682
-2.078222649749963
-2.0471912152914467
-2.516611225525722
-0.9564171990484216
1.9090375405208562
-0.6278334759347002
-2.6759310563087175
-0.5948904988271283
0.7500259114502694
1.3027438133568827
-0.8324380485956917
-0.11577830573117728
-0.6380837810641793
-2.361477769695066
-0.6598266331720752
-2.981730185094151
0.5272397835109774
-0.36941183425718904
-0.21937489129206758
0.5984885598134355
1.350355020137455
2.051587342147248
1.6792386199774694
-1.991024283632738
1.1705024192536198
-1.0568093614283514
-0.3129533680139146
1.3331303312858003
-0.879141478102021
1.6786563265154653
-0.3225849201607165
0.901763659116626
-0.04209274692166326
0.9668694246299513
0.18086008256090513
2.324217035424345
0.02625982145906397
-2.0943491753909704
2.6561324418355277
-0.9835162712718116
1.689370161613584
-0.3047610515519493
0.5686062424060895
-1.3175783182871186
-0.27092694193102446
1.1843030841293862
-1.4405907708515286
-2.6311612588886493
2.038567054882124
-1.626303699720529
1.249448695972067
0.1470620283394926
0.9475302624260532
4.759073431771634
-0.6812391920619281
-0.9591207945701758
2.1294765154461217
0.36918701160936984
0.4962982177373383
1.345167970505388
-0.6133817925291981
-0.19404493939580902
-1.5970888054880386
1.4534834659571256
1.4233441953342754
-0.7143930400856932
-1.7453789780581432
-0.19164846308135353
-1.90862474992986
0.10238689729101125
-0.5641897042145888
0.31675043669664016
-1.2166105127552636
-0.9821450807716118
-0.22373432985744424
-0.7857066289799507
-1.1543852874011566
-1.0590116693852285
0.4639081207991825
-0.6505131556302274
0.6661493222028674
-0.31923689582929715
-0.2627808394885925
-0.7948258002852724
-0.3061469296170308
-0.07451217720192493
-0.17982352965566467
-1.0963582882187666
0.44996928724681196
0.7452888897413956
-1.9185531653786156
-0.2959950274325922
2.0409682583497037
0.46230675597115706
1.0648616513564377
-2.086647545735022
-0.7425301842568331
-0.25325444247136836
-0.7075107757713363
0.2558618822939338
-0.09805080649220739
1.0919104193740776
-0.5397029197223313
-0.9411090421802326
1.2805065398056903
-0.39055979878864555
0.2599424407259543
-0.22751575533102025
-0.3497120762888331
-0.26390390752876897
0.44323507267987716
2.257700743581439
0.4742599576356406
-0.7240567939521539
0.09843527202322816
-1.599925587832692
0.6408116307215368
1.5379848657836843
1.8517824068808346
-0.4456212218302057
-0.13176710911115339
3.139996998645466
-1.4875139891712306
0.07369684364848998
-0.661784608748037
-0.2560809656451441
0.047142261954718157
-0.3003061165690677
-0.08403396384645587
-1.2831271611099233
-0.2860975734321084
-0.13978942604679512
0.6547497883254537
0.030641242527223167
0.15713512696059848
0.316477255863491
0.07727377327738463
-1.378518589328479
0.23481597805099896
0.12378096091439598
-1.3019993296396766
2.1748394399719495
-0.0407337868922229
-0.6364879978068052
-0.6835683354795147
-1.4831339378230053
0.47122733640464537
