maurice8 5781
-0.3185506987091452
0.8079035827607252
-1.2895961950192583
-1.1773238825831325
1.9325210887506659
-0.49379376666284347
-2.1292926116781614
-0.8964619106819929
-0.31218228550859706
1.8904170235561948
0.677404371589867
-2.3499420020814377
-0.8587299704498647
1.1675581002460855
-1.5248060888777921
-0.04417512277611463
-0.9064498779694711
-0.5992733633145351
-0.02795415258229539
-0.6386084287830562
-0.8566886066578241
0.8735198760443288
0.992260637597247
-1.7617151982939654
-0.2624249673725902
0.25129211677533403
-1.078986142095882
0.03536291354626933
-0.3024977906485678
-0.9880926384077231
0.5390937161399265
0.042132208967831875
0.8942194886787482
0.6829482741189711
0.6605849719699628
0.8399076466239063
-0.1313819066345955
0.9938589824339497
0.7545034284633099
0.8756932901448322
0.2728810315010409
-0.6726805578135507
-1.1715665244470181
0.25377181414972005
-0.21400793900509374
1.009845003102576
-0.8259214581432575
-0.6218373174852657
-0.48277828658900046
1.26224937248494
0.5619293837665774
-0.46058235896370603
-0.38691471718089204
-0.28641577623781733
0.40491692285690084
-2.35815436220953
-0.7474077260073428
-1.519267338381959
-1.7921355290320187
-2.020843085902862
-1.1006990448086011
0.19228229877157266
0.7177047248450641
0.7710232198229444
0.07137991950272096
-0.09850492370187303
-0.786301300597214
0.5151121280910613
-1.7669383079744845
-0.5947762972269994
-0.762330798548658
-0.26634567031502643
-0.03821845176890568
-0.11004667032247767
-0.7433106473593812
0.27125774056791097
0.906836615278126
0.34349214339273315
-1.125923622093853
-0.8947368859533746
0.3541277694258168
-0.5980216626602369
1.1591415961546483
1.5605864873011681
0.28701199660699694
-1.4519985958801322
-0.12728778636859267
-2.296542803299547
-0.18606188558491887
0.49475091182535325
0.4292593956846787
0.1369006339733777
-0.8338737082365945
0.5849216263771779
1.6971727357918334
-0.7397612303455328
-0.11222583368300336
-0.7282646413658672
-1.2336117232301473
1.044538318885823
0.2227211634036231
-0.9349771663313547
0.5034161910430512
0.08650252193181049
-0.02513181994119562
0.0718897726788374
0.4745642578507408
-0.05127695445683879
1.4631926087018108
0.06795549925768204
-0.13798461019964017
0.7303763465281268
0.4329215323226912
2.4995677167076082
-1.260672032595791
-0.6714902191844516
-2.477224693415727
1.2395201324576375
0.6610114245658102
0.5161363648040863
1.3637250420008589
0.011040697551570167
-0.17111804977067135
-0.6569656262022272
-1.655142294915286
-0.12681958123333872
-1.220479926679455
0.5763935898441475
-0.9157638604145227
0.8647773997946302
-0.015676566278566575
-0.780636771168025
-1.0530467596733832
-0.6819453303163571
0.41291258407120224
-0.4703567596610576
0.358345931814531
0.48618356573078503
-0.2419980284064706
-1.0592122157538642
-0.5745359023274461
0.6020871371621083
-1.0639326248930674
-0.16255358545379614
0.4085524218670497
0.16263457612843818
0.6862786466690546
-0.51423637755948
-0.1419878720454626
0.22909174322350412
0.13070410324996207
0.8260547068402879
-0.008945459638165593
-0.02471879900020757
0.16945204557074917
0.007330144795823168
