bobot6 147
0.20450952719910015
0.06060128149036545
0.11386863752487442
-0.47597836294041784
-0.5123818636122377
-0.11420172329175551
0.5204157023517586
-1.0393562077763518
0.010420259382196928
0.03914765838870715
0.1973620301866672
-0.19516557431973414
-0.9437417608113122
0.21879545260612798
-0.7466592121096367
-0.030375756091103906
0.41968679331328546
0.9955137069891691
-0.12266891503010523
-1.0700452558032694
-2.3831545420350015
0.1321242533484014
0.02332107290967901
-1.5990219671379635
0.1450551836279936
-1.1428416386532414
0.36329023168580854
-0.6381777222290091
-0.7924558247605864
1.0151047976439302
-1.6989746543930302
0.25382273569228164
0.17014171319237203
1.366460812895477
0.5491732972364721
-0.3719725431087643
0.03400983359984819
2.2724078600837068
-1.0213823565290154
0.8862769801815769
0.9773948527011072
-0.9206544956047149
2.2076109845038863
0.33806915571411156
0.8063779038927423
0.22330146008022303
-0.2747769267993845
-0.15765232917636424
0.32999741599358534
-1.7097661552395251
-0.08957716946185584
-0.2162219178472105
-0.3751950852632243
0.8535274252918236
0.7330213040831329
1.1998517946590683
0.698610653201402
0.6877081907044835
1.482628683309018
0.584635678568352
0.8121386092576792
-0.3377744542730563
-0.5266722724485284
-0.6229201084764887
1.616609441456537
0.35327450867372656
-0.0257273469479114
-0.21357176048457718
-0.8271762029075106
1.8020340117624254
1.6556686160646485
-0.01305902552121277
-0.21133981028257795
-1.121891561281198
-0.34171968049153045
-0.5579580579188193
-0.17945989920111527
-0.7414050762082638
-0.5971869071795668
-0.4447761817399197
-0.3756134456163539
1.100963485556456
-1.6178460546739766
-1.1873948662107534
-0.3990603063124052
-1.071275171492474
0.22270104816991287
-0.041588262271089305
-0.6031773382078138
0.7179342059497935
-0.8201809839044448
-0.21737766374561493
0.4581740204455357
0.6645136737384923
-0.08442432085003548
-1.0455695457228797
-0.6833405804432473
-0.5712701348668555
0.4053827066429612
0.6878514139093068
0.07353098189467555
0.7650419011254898
-0.3517750999072094
0.6452544494878747
-0.7602483239307354
-0.8430342055618965
-0.31593917793430626
0.1385383732720319
0.9569452942116092
0.5554434383412182
0.10203511012355745
-0.6886597160801121
-0.5150284590477483
-0.5657664333435061
-0.7300226241508528
-0.16875368005213368
0.37262956376891176
-0.032430241281372715
-0.9245276596438396
-1.168634094820684
-0.1452816326080001
0.7977876629254594
-0.9568653565243517
-0.8776171071425413
1.1971367961973074
-0.8207351250908523
0.3555694428979672
0.30754355972665176
-0.6616996009216103
0.4974403316412339
-0.8063648950164208
0.282664971953734
1.6888616950220967
0.7494922534103825
0.5360531038023317
0.24485982293219502
0.17917756022668704
-0.9285046455570405
-0.06823229316209001
0.7448824320873423
-0.7378447953486681
0.05369786034935094
-0.2087381903291881
0.49918840929825703
1.0374806848232039
0.5448513907187218
0.2875889547717081
-0.7914701654866162
0.8030089430208779
-0.07180154577840703
1.2881940435133192
-0.48596074441335624
-1.164685043514489
0.6966037251216773
-0.5448033095501869
-0.23659232488975318
