31 3119
-0.05212598928153209
-1.2966022180024757
-0.6992246415671979
-1.5522864874854134
-0.42850881666425156
0.016405112690005594
1.313898086737428
0.9479290585719709
-0.40178061681528077
-0.5181821352889818
0.7479115804086331
1.0823521296011889
-1.2616080198503568
1.0919823242927444
-1.6687488765644631
0.46018556676667166
0.45566930609329875
-0.3924555873438176
-0.06162830049230304
-1.5476404417623795
0.24717718909744812
-0.27202018572956155
-1.118123206465832
-0.0645577054997753
-0.6311789499229702
0.1514094572709693
-0.13291294714932447
0.19652447812743332
0.6607160254649426
1.6696267202122617
-0.33216066495523355
-0.66285177616618
-1.242125166319076
0.3850663853004518
-0.7179596868095923
1.1234330786713735
-0.8006130501860164
-0.20387364553867748
-0.4752514647385455
-0.8967759802183536
-0.19489090664115
-0.4199699265762712
1.0781208098959385
0.847547789910069
0.8116911055861634
-1.3379692050389194
-1.0479576793193337
0.8966348215544488
-0.6382423850258611
-0.4860754034835232
0.2580188343115696
-0.8615874210589477
-0.6030755387275846
-0.411774890317514
-0.07253525806084794
0.30973615739233346
0.5978621196474692
-1.297600042600492
0.8243812736363296
1.785737952936095
-0.4053577898243266
-0.41664636289974893
0.7245911915758828
0.20226948400735745
1.2820028324083281
-1.0153500863145166
-0.8145261922559706
-0.8666465478010033
-0.029673602353470635
-0.3198319512161015
-0.7932254304485217
-0.04987720901898596
-1.1164006168056535
-1.517906266161844
-0.17441636046765624
-0.661678603725132
-0.37601001689153
0.014705060258740632
-0.7633504190437594
-0.0034637154631608005
-0.11396264766536962
0.06367988665130261
0.5335840854225661
-0.4390191211306961
-1.0837721774407283
0.01974128454744481
0.7493645846095498
-0.07662974355466995
-0.5473843812351664
0.3662620507052562
1.1246475064351333
0.27308500704137995
0.7873446140159234
-0.09917710903710392
0.05017974574162431
-0.2729549221134995
-0.231893697188499
-0.9811244839846789
0.19572172683597439
0.8717716091098765
-0.326669913914686
1.0552224054738193
-0.010276969629986255
1.0550495674114384
0.19920952482442889
-0.8728042297909276
0.22341878847457572
0.5639339627150383
-0.42057275260694604
-0.8671357156934452
-0.5553618691731619
-0.3891548660722387
0.6752286542498408
-0.18571194771918803
0.2968768759650838
-0.46050900626645713
0.8020722348784464
0.6696875122209055
0.8691829584265615
0.23356737623806623
0.764673458600599
-1.2304130514998461
-0.14429307470634173
0.8350075930719668
0.11848876356625815
-0.15458678256861863
-0.44736722306222143
0.7097401463462046
0.6157821079449693
0.5974918728990466
0.33367015052913707
-0.2618929889910243
-0.39446727751399857
-0.04942179057835211
0.24510081259270322
1.136766533921045
0.739062203519988
-0.891311505825042
-0.8696450192134877
-0.10025329862864879
0.4651202978446936
0.592515196295943
0.07169758404857285
1.2182083353510582
-0.4036644229527115
-0.19428725576982434
0.5501003776007747
-1.0636380935363343
0.0371659785678929
0.28884861711949034
1.0276296451149145
-0.8913372602978042
0.18658536744908383
1.1878500379188028
-1.0306767227791922
-0.9615461354248411
-0.725065039907864
