27 3919
0.24635445621362195
-0.19957923892764157
0.08846597214760801
-0.27852492358794867
0.6768594064250438
0.06127472066927342
1.1067641779837547
-0.21477623586280326
0.30904225863398777
-0.4698317089338653
0.4331199786390615
0.210840393282645
-1.9612952266518637
2.282083538185596
-0.8201190841743504
-0.5903471506196591
0.15456510398962484
1.1244964926337127
1.3310683562350876
0.49400857871839665
-0.6935549660889632
-0.4735191390907254
0.19424580300450597
0.996834385440837
0.4074738498250243
-1.6820873736167579
-0.7974024825663975
-1.20739433477136
-0.4572796764612985
0.5530511726116274
1.5771949040022255
1.2245431841317975
0.8064107064334962
-0.9389329675886466
-0.32385893872846183
1.1507848927316124
-1.7525027215705848
-0.37399861837534426
-0.3178125124521396
-0.6468255568508747
-1.5424244856498421
-0.8975785734572151
-0.8518428802010645
0.04864558066795188
0.8046311742862908
-1.2602529699120206
0.46147118797812187
0.21102428035155557
0.9656186419281888
0.9854468398719836
-1.5387427777739349
-1.415733396902424
0.11206546543707471
-0.18518008346959325
0.573077827163915
-0.46105992304153964
-1.4764540539361268
0.17814882260363496
0.6778418512614048
-0.4194172500893968
0.24505203430831848
0.6054081473498665
0.010731309199510208
0.3342796979887914
1.268218923834855
0.261919096909851
0.7613667712418226
-0.41822589073155647
0.31862765424080286
0.8729085143227311
-0.2779139526535589
0.6929926712985983
0.5482576218327417
0.5217166663664534
1.398403791458342
0.6953932367286345
-0.5768513710242029
1.5408485556239122
1.2074693071792515
0.8299533092076621
0.2833662786512973
0.5395488197561445
-0.6818878154275674
-0.10977821719592507
-0.4685040046678651
-0.624354635251984
-0.3703443410968147
-0.14065977935880436
1.0625134456096563
-0.30029675904010483
-0.280956181755583
-1.1312672806273116
0.33871697251411725
-0.9891778787821557
0.6768144535362921
-0.06478073884382218
-0.3168289218291779
-0.29324320825735206
-0.5449103386086598
-1.8732894721061997
0.9311797536542764
1.0266646181680539
0.1422070651942934
1.3751090259301657
0.18543075651949778
0.4252115092008827
0.4297219396157359
-0.03580019350079
-0.002037463701967168
-1.8448305537932876
-0.30226953049960453
-0.8155891355058588
-0.4246310734720846
0.38156164724559394
-0.3245205007061368
0.24617499394400738
-0.3919596563569722
-1.2198507482162935
-0.6894893220772702
0.35671015002939777
0.6655095986955605
0.31688952459554803
-1.0821267848718452
0.5291058411561446
0.45421901204999726
0.00493753381191861
-0.5429146955459081
-0.965152250502028
-0.9207591110445601
0.5807129771172577
-0.334384432467162
0.010951645261991466
0.14631027824555617
-0.772948155249839
7.878076844849424E-4
-0.4282294479269715
0.5306401843773563
-1.313038520710122
0.4765254180651623
0.20048614949071147
-0.4069447693382481
0.17539800368249234
0.6287244330774289
0.5224148381620486
-0.5838211521673291
0.5904438867120796
-1.4932321821326102
0.5986616624546934
-0.4679897132652321
-0.8349232382476455
-0.5410547809819439
0.06600745515698642
-0.3082122874432477
-0.47932909710761085
-0.23665468412466242
0.7304625117514154
-0.780727142325017
