35 4444
-1.2532921304847489
-0.0653982996699847
0.8466244666639536
0.10245896506646211
-0.22341679786179613
0.18367224148407313
0.9964639607138576
0.863354608210236
1.536234088837616
-0.28119605736469255
-0.34244564228033325
0.6221973334531545
-1.0253339606779746
0.6582603836551083
0.503399878174297
-2.20244497067358
1.1936181867165472
1.0092825807069963
2.4666115496521015
0.20335601389033148
0.5165952330363855
-1.5719419644845494
-0.0016756444418745131
0.6077364318578874
0.32233848226250456
-0.6173067375158214
-0.8734246422641041
-1.6995616804009164
0.2848623623735994
0.5242800411566249
0.8735361873208061
0.4844741019226704
-0.4809530788660141
-0.8870314197037441
-0.06037403400366548
0.6034160625649586
-1.6949213502158411
-0.636907615672104
-0.4322259540097103
-0.5511832820227615
-1.3967154692743238
-1.290214988211487
-0.2973469452840975
-0.34645696791069913
-0.3971375104907934
-0.16959899377055077
0.34419048723758183
-0.3462379712772716
-0.5370712728373179
-0.06693700187845014
2.227264988623003
-1.3162684660587183
-0.342908279003843
-1.3062073593770347
-0.1435069276354895
-0.6203211485319567
-0.8053599751210241
0.08160748591409081
0.6042057023341302
0.10202724203632874
0.15113663773315184
0.5758980842120289
0.6774202668944542
0.2637404715146269
1.116712171446728
0.16594595925659827
-0.010302600440813103
-0.7863827771026916
0.5812383954547922
1.2023934762471176
0.020270264091929224
0.6403505523907772
0.16450001950869303
1.4620232259257637
1.5579469875203251
0.35905248982860066
-1.1346699690549342
1.7848910184364004
1.2645359732123027
0.7727153042173953
-0.2760505496757676
1.0384302774170149
-0.35015674328840674
-0.032500267101713554
-0.25756036264476934
0.1744653526086184
1.4559281273314086
-1.061987587293649
-1.3812544764203096
-0.6850817134257409
-0.8388324772100685
1.23820325809578
1.4350119178587493
0.3469267495691552
0.9397573630749213
-0.28197013133362353
0.45082581701280283
-0.7326038369890338
1.107484249563362
-1.2641826437186185
0.7753841996351375
0.9176277132423367
0.257781664876874
0.854776381069103
-0.7192974365828853
1.0910435613002658
0.9161775750633365
-0.6067554362564525
-0.8975140638091549
0.4433883955756134
0.6406234571392271
-0.26501775285322876
-0.32589808518659424
0.8447302673427332
0.388075569003857
0.21535217837932896
-0.34925736116357353
-1.1678127233631639
-1.0880860850508676
0.43292798239001246
1.4676654063652497
0.10343976285399084
-0.5537384702374729
0.6040666574948026
0.6591431253815022
0.01290492860728773
0.47759380405581187
-0.45313178397356974
-1.163111524634013
0.4454106429759882
0.09802052708256553
-0.5418485211676105
-0.32120316886541905
-0.7708296193433225
0.17270598798375042
-0.6152895327238784
0.18502603535457407
-0.8438880623386493
0.7168725960967525
-0.5337316841069227
0.7504339124265987
0.19693938033409364
0.627536814243188
0.4851222544558267
-0.06315636656063851
0.9934343736566552
-1.5169691371186131
0.9045682503580241
-0.48413583816292893
-0.6612491544968073
-0.9550265386917508
0.44178280621452537
0.7991103909966784
-0.3056479371844565
-1.1233064185935049
-0.6300985164730367
0.729730004701686
