bobot2 1452
-0.47584122613135676
-0.42329734219263715
0.4619104955828831
-0.32612742956113105
-0.8682673136861558
-0.533571064854377
1.0864473480716543
-0.9961408841977102
-0.5828938434536501
-0.27066778359859645
-1.0359965672874776
0.626878958133883
-0.994076707132755
-0.20355416790657532
-0.5827266624387908
-0.45525968018700846
0.2509705818939691
0.8319059353926888
-0.2661073595434603
-0.14113410956129416
-0.014922202986055039
-0.9409088515492163
0.6107893715872813
-1.0447324358731367
0.587388783151844
0.9986753970387483
1.1090524234334709
0.10502187065781521
-0.22591864268523829
-0.5834590044859833
-1.055561920812445
-0.180720638297863
-0.6286149985713962
0.5537647321501916
-0.5993485005857908
0.15486883102971044
0.1947499737637885
1.1309463606315209
1.1854298491486155
-0.21835541531288613
0.05656030955497999
-0.5796597646188102
-0.4681910247984088
-0.31704653977647157
0.9232480512199912
0.803509745156739
-0.4208797336624649
0.058207600502722834
0.25805841258913753
-1.129901086488582
0.6574282202561689
-1.0894008980072045
-0.08686858518472654
-0.678583148629987
-0.7376174741518311
-0.2732977746496048
0.8229461859343172
0.5385754075873166
0.41764845146595764
0.6913002281590985
-0.527860822804461
0.40855040221611305
0.5817646179556495
0.3631257359421303
0.9381438991684844
0.7862326774317092
0.6107489316955582
0.6232684710016525
0.8003053379158108
0.2881747633090597
-0.42815941907887206
0.007468532057539362
0.9459409407748233
0.5310392403636259
-0.09395984494704421
-0.6955503878022511
1.1906149134541435
-1.1790056817703691
0.6228986003214777
-0.6178576355234017
0.7754127563196269
-0.20884445724770426
0.05782174106036242
-0.33471130747343375
0.4107341157719724
-0.21540567766318128
0.10506163335785529
-0.18494713521419365
0.9156894415155913
-0.12878199059557144
0.9165836920695085
-0.467876120466085
-0.5855623953942604
0.41734940755070854
0.6477554308122937
-0.23891224245304143
-0.03448106379308319
-0.1668950481750472
0.45939415244114873
0.5525425213626787
-0.4190597173855354
-0.5387498661447669
0.3012044262961795
0.5555476079107394
0.4003821297636281
-1.1648722802901688
-0.44943894643771276
0.21464626780311036
0.4578445176179716
-0.8466287788320885
-0.8615636713822861
0.2633226449927656
0.5097761653493562
1.0889999760537759
-0.426863637481231
-0.17397466758050217
0.9959133290105311
-0.25864938265977283
0.8443021670118074
-0.22756130877563496
-1.1726402832437304
-0.8380924739198927
0.6766219836606457
6.028108485142403E-4
-0.40852081563195897
0.050191055093125395
0.4008832483842458
0.7501807005023724
-0.6707578988848351
0.5159938256874197
0.5700473457744821
0.8990352770052995
0.23171957880433558
-0.24030776413683838
-0.11260148272023945
0.7604574995785409
0.8416329779871073
0.6334650118945532
0.579945060799129
-0.33425466178335217
-0.13441313980582154
-0.8539377568421731
0.7895801917660991
0.4842810328418503
-0.8183726447228996
-0.22564649185100039
0.15437778595834273
0.5062006349080086
-0.17457633981116522
0.030693415559118586
-0.7490844975351423
-1.258572329898731
0.29375068361990003
0.0757840776441379
-0.5104794094259999
0.3341888058096616
1.3097859085422305
