30 4811
-1.0637819573083744
-0.5474815273121523
0.7490717264444194
-0.3962838201638316
0.3556700806402725
-0.1638234930899004
1.3724892568592928
0.8825375204531185
0.9757411879161088
-1.1650074568103213
0.4659751500487803
-0.32227660597332836
-0.6758025789496067
0.9844167085591597
0.5484903462175252
-1.4568263451166146
0.629485824951035
0.5497859572165041
3.0298193974319094
0.2271769767307342
-0.5246887302513623
-1.111981547915155
-0.025811737038809346
0.22074396246566533
0.12608218547572592
-0.7005072126778771
-1.2307934738583373
-1.777232716710839
0.02712904451238707
0.7140110295785725
1.1043834591959611
0.3845216975464318
0.25381238882574136
-1.4936265682795793
-0.24432588316892498
-0.18594906897100777
-1.7836023037730522
-0.3764467623829597
0.21256549959087367
-0.22258019531017262
-1.793110313853267
-0.3498495572977126
-0.37923641612512815
-0.8582684236938347
0.7846311860779288
0.16229950408993243
-0.6603499886574774
-0.9492925731114327
0.39862419157628637
0.5520741945050147
-0.1982771091804185
-0.891310537626557
-0.9165197193700838
-0.5751888706731321
0.24806955405429615
0.31685834891005565
-1.1907447863295526
0.33313708258977115
0.3710925879312499
-0.7913516847691027
0.11290053447384718
0.3911137696356267
-0.9622438770613996
-1.236210002623465
1.8148806624699068
-0.004287025783482362
0.3777353971689985
-0.46609789817044306
0.5085675034600998
0.5422619847433163
-0.893736423786834
0.6222981168624608
0.3021963934830778
0.5844130270451345
0.8879255616979076
-0.5630319856562128
-0.0011133439132220424
0.9011681452786592
-0.1258587106828214
0.8190837567055522
-0.056007289848094305
-0.7357320908704579
-1.3700547827308864
-0.17605408426679392
-0.3458916923629058
-0.3571330495401851
0.9263259375703421
-1.2798155443610766
-1.1575300982700703
0.568827491737077
-0.0988274135902179
0.43320405240882276
0.42462282705650695
0.3119695744023815
0.18264825587145667
0.6456929017215433
0.9145741715363989
-0.5014991728317411
0.21323124453012668
-1.6358493955051194
0.6450611516485383
1.1157621437111194
0.43090173536100346
1.6704415026252366
-0.9682210263871214
0.30052100505472895
0.047240084282249045
0.06440056915158199
-0.6121961005711941
-1.8343121408141558
-0.13816693377187816
-1.1138669340771745
2.7622799286102655
-0.45637961891346335
0.980896022459432
-0.4869604390228437
-1.3565172471490101
0.9401996468954403
-1.4373644977104276
0.8110549680340428
0.8015767629971292
0.6605834624333734
1.0704884265689252
1.5845613957428488
0.23033880413283395
0.1271127262798582
1.3105780022443974
1.3933330850478653
-0.9326224038902977
0.8672763744867682
-0.13567767880490245
-0.1536058666654757
0.04314569863005174
0.4311397681168071
0.4000301590499663
0.5953144597618978
0.10131009661258047
0.321940718492575
-1.5438122266059835
0.4482162080061518
0.41371853918671286
0.23881254246981104
-0.12365440664951632
0.2664385104613835
-0.6301730787007591
0.723996504178649
-1.512823002496306
1.426037251215654
-0.44025766604840677
-0.22837533245629488
0.06286375785196716
0.057072545516131334
-0.5421754183146378
-0.6720920221185148
-0.45994697999754086
1.3167353047637849
-0.4502017581784642
