34 3284
-0.24297338180409406
-1.3516369724330073
-0.5598970522627499
-1.6670207131112666
-0.4237937053280433
0.11401832495330105
1.0724828587227715
1.0812912715481713
-0.40178061681528077
-0.5484095967779882
0.7479115804086331
1.0023524628185567
-1.080767898236871
1.53444614943127
-1.5881065819843199
0.4248906297903593
0.45566930609329875
-0.32353420515485265
0.12358795401154432
-1.3161568279840539
0.5970915990548856
-0.2873748134900267
-0.9814853623989891
-0.22896584575489665
-0.6311789499229702
-0.045291698750164804
0.0980068235436829
0.36348460955206063
0.9284306942322474
1.5338584955308452
-0.18383221354827325
-0.8418527626006742
-1.1582262919303132
0.723700448170281
-0.5408521825715238
1.0024241236625036
-0.6730566042433277
-0.406014580410334
-0.4752514647385455
-1.0304210671026006
-0.3702946434326032
-0.3528834945198148
0.9540147974897643
0.9794292445258407
0.6418776387293783
-1.4331303146406522
-0.9669294131727725
0.8966348215544488
-0.8641536323960042
-0.22660338790056883
0.2580188343115696
-0.936115584351125
-0.7939737227282704
-0.960140538094301
-0.07253525806084794
0.30973615739233346
0.07560618890863083
-1.297600042600492
0.6917508905000811
2.2389820709581914
-0.2674589931843403
0.078035342945419
0.6594905923188077
0.3499730258911222
-0.22106845587197194
0.3991816381574102
-0.4144294938977738
-1.1641317246958454
0.2741359915288138
-0.033062506225675733
0.8362464258218001
-0.7486470482396378
0.5535827166790498
0.36206723972965277
-0.6045022880209936
-0.21956492488271226
0.3511834635411657
0.04518451790601147
-0.4353352067054283
0.20528986633552945
1.0935975920786527
-0.18820235086986992
0.9438201946819087
-0.4820817467082571
-0.7968659359637706
-0.43541319738090933
0.1573540418682902
-1.1256050779345355
-0.28864913955745874
0.10517326846080494
-0.7541923004798137
0.6994345053357708
-1.3677018562931331
0.002032664716870747
-0.298451160931706
-0.6294644670110907
-1.0566651988549634
-0.759046485946341
1.9271318752459137
0.2956314903366305
0.5482917188838072
-0.5028905254134285
0.40823612212662685
0.688970498461325
0.44680774284117486
0.2907508801463396
-0.04085066610839613
-0.014639096077425029
-0.12369095988146532
-0.4781222799979233
0.5663111778912532
-0.49569494589272484
1.485914796951178
-0.9730456420130198
-0.8033354259961718
0.481400905348392
-0.6630492057316371
0.21390625040837435
-0.5791864467909547
-0.5447603315591065
0.3729023025316174
-0.3145885546374714
-1.1717058329723329
0.04540559025533314
0.09172575241370381
0.4029911043532647
0.16660872670373128
-1.0084958599463725
0.6150702512951256
-1.4268332831442083
-0.093294341342043
-0.230486929876395
0.6197207715026123
0.6792684438205959
1.0385673157090993
-0.05225552654834337
-0.3785377046927796
-1.080592675358372
0.05821220565091917
0.3107084368898991
0.5668999988964537
-0.8118332938209316
-0.5897702032376169
0.8577722574329946
-0.31858361930315393
-0.7872122312921245
0.035750217732847235
-0.13946973251361028
-0.0028976847583519205
-0.6837996073799615
0.720626788443264
0.20996179803822007
-0.4774307293023261
-0.7846198060871625
0.8562080445639169
0.5879160005739554
-0.37645928085743985
