Type2-1 299
3.2991956057612506
-3.6000322688949367
-0.6035277334208613
0.534310650759713
0.8771439804364066
1.1778040304470405
2.2053643805208014
-0.3052903916043215
-0.431181471743739
1.9710094805732354
-1.5278861535831105
-3.218321330178721
1.5702403981592399
3.1192581004503306
0.2720001538056061
-2.1138973577653917
2.0674107400781314
-0.6635466624245111
-2.2734589924630315
0.2080559281816252
-0.6278717193768978
-0.4390057195320298
-1.5553479296836348
-1.6253366029007597
0.08152651771324257
0.45894860718622
-0.300909477986826
2.327103629827457
-0.7677868534313681
0.06425401815998025
-1.4409647183012249
1.4823497912024928
-0.08184904497637369
-0.5231000269724031
3.0746319592457887
1.482710772975152
2.514147926473106
0.9491670401054607
-0.8501594538574297
-1.4414689988962612
-1.795007299571616
-1.1219166292192155
-2.3871202992435627
2.089295109798895
0.5846975831290439
-0.17841313465033465
-0.9651214491931048
0.9376545868141669
1.2874061844466034
2.0755036365600796
0.14412162727712624
0.8365448656939451
-1.1868643729108235
-0.4873129853802267
1.6288772215198974
-0.27189259830067536
-0.011836486900013168
2.616310836136802
0.31907073847888834
1.5436813716169129
0.23028596952096042
0.426291229112278
1.1701000234102241
0.6756073269649114
0.6442319724623683
1.6520783364761387
2.0772839420363187
-0.6500966194073509
-0.5830193150140487
0.8001555266887894
-0.414154912648265
-0.6845152306404769
0.6346438969072298
2.014773169906926
-0.7308183041399193
2.091305939711226
0.027900408533800575
0.6394261823817342
-0.2545131969666157
1.1316665477040957
-1.9099844857776345
-0.06017765158954869
-2.88746151477781
0.4249912753274794
2.4005759537364475
0.6662305734333527
-1.761060865131309
0.17823254935892274
0.005201342053512317
0.15369248368452784
1.7776162260106605
-1.1283900344978137
-1.5088295539581762
2.2930745002178763
-1.2027229641974944
-1.9963965769487617
-0.18002744597544512
1.3286253880059549
3.2574248101107823
0.09854117626363701
1.7145766467196943
2.681352024733633
0.49541398994862523
-2.0129752012809523
0.5571957609108684
-1.295232992238446
0.19921747220459773
-2.1059412731109806
0.8404683382340403
-0.6209567562903956
0.5636613126604558
-0.4273869036568907
-0.8955191905817219
0.9275610474555129
-0.16386784549801447
-0.08614195939640246
2.039168153085752
0.01857438997572522
-3.9731346563676935
0.20377209913070748
0.352291969561681
0.36177619821010837
-2.470293077912472
-0.6895883168600798
1.3133601587854236
2.0700823336717478
0.7371630490632606
-1.537435892012132
1.9982487037308752
-0.7943384905639952
-3.3647896439029257
0.9580459711837552
0.7716779779359438
-0.38385465994319995
1.4235053248911518
-0.5210935672038398
-0.41885893113272243
1.1813599349059647
2.1163952174322427
0.7705076108303874
0.7944035485451639
-1.8692795263798134
1.6885317462327458
1.3590823873415419
-1.326711813355115
-1.2151502159469534
2.6715927801823933
0.08950168892871016
-1.9814346830855578
-1.7435699832194043
1.8036773810336924
-0.11141816271349099
-0.042099195224409414
-0.5799812521877954
-0.9808210933528213
0.2282377975214241
-1.9214295575532514
-1.0456458200281342
-1.8956702273386807
-0.8712258801860384
2.5065155257492666
2.116684301331814
0.560845275754177
-2.23858474852656
0.19739813108813614
-0.7457032533926815
1.6635833534147892
-1.896932648126515
-1.515225394768842
-0.9760857044607556
-0.027749604099421288
0.11388571187599222
-1.034137985644355
0.8446866166397079
-0.9345883936011592
-0.3044573073417234
-0.9871217934885832
-0.031120531695627507
-0.210100498263852
-0.5351195493594394
-1.0266028515150754
0.47009145411956105
1.070346222437274
-1.3248583476005025
-0.5610018218912745
-0.4192659253652122
2.245862407878544
-0.186313166629756
2.47072155302855
1.0979552941612531
1.3677517613331105
-1.1863442755369897
-1.8956026219900324
-1.0911675735606967
-1.3895872185457565
-2.3690649037987495
-1.9450483552568882
-1.7671568083773463
-1.1384221826003604
0.7721826733250711
0.21230596028855914
0.043748044990302354
-0.620644568820925
0.5960262918616557
-1.1585339814204174
-1.144712174001982
0.005029915780189992
0.7253617626979234
-0.7122861990401764
-0.7091116135496857
0.3949857908884208
1.4929736454580063
1.9406896578973605
0.3395397276390113
-2.068939219829502
-0.5247803880202688
-0.826133560789887
0.8181559942364789
-0.7582622766709155
-1.0343564422798748
2.417789132699742
2.4082437936624697
-3.040757637025152
1.0318648320811323
0.5471137173350503
0.7743113951645194
1.1513359630826672
-0.536666249304076
-1.037068871947901
-1.6450292431141245
2.453202771863553
-0.9301598924979751
0.1347754551588614
2.387207780985806
-0.33751141138224616
0.8128336998564814
0.434704427307312
-3.326096924994183
1.9215298607728997
-0.9484049429027457
1.486700944150553
2.1532205836728338
-0.22691026970452466
1.3961645354580516
-1.2969380913159922
-0.13062880573689323
-0.34532580315853495
-0.8833723167336964
1.7774673901890166
-0.47050189721239516
-2.1082681789675073
-0.41097041438402343
-0.6742296454011317
-1.1897632968509793
0.5463046764889941
0.19641601030713007
0.6450493883829611
0.4775330758850312
-1.9077198385283625
0.6770393583913173
1.0535314857074585
-0.8994796359701362
1.0002270146183434
0.27706146683082145
-0.3306748598514544
0.22729164044989564
0.22548679871417732
-0.07942746265728129
0.47377687011116804
0.8120528414867934
0.5251801802901622
0.19388693115111805
0.7423336365715489
-0.5004675735583239
-1.1510954222975525
0.22172524079244682
-1.2779415486212153
0.5389095944178881
-1.0369874997275836
-0.719789119548016
-1.1472920219525033
-0.6429860388290932
0.8012297597225813
0.49288238863989026
-0.7599315720858357
0.3563516206190013
-0.2794944511790295
-0.3171670174143021
0.8022181050808797
-0.9198873933899868
-0.20442603419165628
0.002096562023056355
0.5832995967978805
0.350874131810129
-1.1911359526044025
0.23188746793331538
-1.0351711035119078
-0.4573921782013585
0.9719316370651493
0.10345414710166642
-0.3560162309218743
0.06274464179345979
0.6728885434597744
-0.789226574810657
-0.2781508803289431
-1.2701925068207347
-0.7100448915848443
1.337021189365695
0.5827551430871343
-0.036683453729729754
0.15459037169032805
0.9886207383360841
0.5886461617774292
1.3122445255297022
0.7989983107557844
-0.2931150852218802
-1.3865855013053248
-1.1807416152279984
2.717927371918008
-1.3603861923054492
0.11480181993289498
-0.806805223318803
0.4334010606737414
0.4363127505347311
-1.0550301857988018
1.8427158087440185
-1.3344146778285757
0.608444416143486
1.5658065614314702
0.4095566919385689
0.4460360849762591
-0.2679661336503169
-1.7149621670003563
0.37128723738588737
0.8392133077765476
-0.6496220915377342
-0.20402327669250792
0.009052456464736153
0.12167078924018376
0.9039148206204783
-0.18957774760230325
-0.20421371205347702
-0.6147538980791778
0.7258171048234205
-0.057301115733109115
0.22628185815965116
0.6452752802459232
0.8774630562405348
-0.25125475212889536
0.96580027232063
-0.06711725545876551
-1.827704175068754
-0.37204678135891445
0.3332344541434969
-0.3616313663621126
0.776111684593962
1.8368272638360543
2.330684368915703
1.6628787888362522
1.5151314582629742
-1.5636088164273967
-1.0900154835228757
0.7364271003678506
-1.7532729681701784
1.6193018740704404
-1.9775608387754855
-0.5846454547786818
1.8402119294174697
-1.0211651782784665
1.117219840877036
-2.358434010982874
0.5943212126176011
3.1524845495590843
2.4818589501515658
1.4600960357392345
0.47722097000004005
0.6846868662422756
5.197681136959107
-2.085752935093634
-1.6780174215458703
-0.33703079707480804
-1.1063285809570833
1.2804172306425603
1.7747983358574648
-0.8001063208456842
-0.046980162419968274
-1.4845080829501078
-0.10887916964422786
2.3931511442902167
1.3633992231627208
-0.8472601305951657
-0.3790280142534968
0.3628122942655805
-0.2804271836827415
0.9616751255510287
0.4647027293137691
0.5710579364278348
-0.4781771904385279
1.8640710702648888
-0.04836540133863415
-1.3097314938403233
-2.0028446779914466
-0.26333651495428845
-1.9760186842953806
1.2674956383565352
1.2138209862501255
1.1451326215978312
1.3679443775131117
-2.465122568635592
-2.157760694424118
-3.262627442938742
-0.1041131889277607
0.5468365149368147
0.1927941370356425
-0.522858143524461
2.2262188125635873
-1.2882698592768191
-0.24846452459948198
1.113183421903436
-1.8593325733670247
-0.13460957949949878
1.4183428868761312
1.3567648278326951
-1.9564721385850081
1.1326327004014762
-1.088901806173859
-0.6320303753433377
0.021025781441525393
1.4509864941529957
-1.8225377525981856
-1.1628147546774272
0.49016771832111405
-0.6389922903978605
1.2140140375296076
-0.9069743319762957
-0.4952031226282122
-0.09857346989360975
1.8913704084455756
0.49890288290063434
1.6019748804403013
1.6774618779439918
1.314521321217948
-2.0847141146058217
3.129672842157553
0.0657212830582109
-1.0154696597464965
-0.660870223400436
0.4187614819071475
-0.5018760560127127
1.6222559634368905
-1.869563090578178
-0.29615582325539846
-1.1756066975150732
1.4368454564540658
-2.312443186567212
0.9033558417261843
-0.49252049571723466
0.7545625721367537
-0.4597188064613578
-0.7927158176052288
0.3423373191184753
0.8156972608245546
-0.6637972033798575
-2.7143887830123306
-0.05209307773332875
1.1225704886440395
0.1056612818702341
-0.08258055667540642
-2.0103946179064356
2.419376869751012
-1.5684673969991603
-0.6534497074672183
-1.7706305897160481
0.0578002222845955
-0.5841723880566461
-1.64867502615752
0.5966224998207644
-0.532451562415038
2.19523571951466
0.5451636014371912
0.6509547564152324
-1.750337840876854
-0.8883154173267487
0.7745097678695084
-1.887878376232463
0.9128489671418576
1.9785661104323282
0.6627064416644572
-2.529483772264518
-0.7181758073557244
-0.6265395809445825
-0.8128869414041344
0.5439227941183764
0.03369670568126243
0.4926135975010538
-0.5123184777365832
0.9753221131181629
-1.1275907888330479
-0.3878833313503352
0.4778942835367891
0.5394981039236821
0.3693901856065641
-0.43265646276959613
0.39188043887006474
-0.22720605895242219
-0.26566806488111605
0.614468510950839
-0.4368803888503078
-0.7681216531087804
-0.5294174866680664
0.37069579873927383
0.6619978531520704
-0.6625198442121525
-0.9558988902031851
-0.12032480219044928
-0.7810772331417298
1.0170820967670389
-0.4217666413331291
0.17814841285303565
-1.2882741122706305
0.4215464422123308
0.31357750784785465
-0.3845124438241587
0.5009581375906295
0.8456627488940096
0.11547653485495388
-0.12801540322017174
-0.15701440733812216
0.5266970170368582
0.5018014669543074
-0.7118058761632882
-0.17884607035841124
-0.10544689652049571
-0.686225758465644
0.33030385782667593
0.37592943540954893
-0.8966596472523845
-0.26247516155919937
-0.7578529705739501
0.34373222806069786
0.489958785378174
0.0657787567615757
-0.374848642514661
-0.22102105688206392
-1.2961785583850487
0.3707311192537154
-0.9348750202207483
0.9092199313912628
0.7099854723995324
-1.2912922306262153
0.42648425990021793
-0.3659101439224761
-0.5877276833717348
-0.6507153734047495
0.8873363704019563
-0.6945428900964601
-0.17284009920253507
1.1264340017678451
0.8952543939320183
0.7111634061097617
1.787938246543077
0.549773958514179
1.1691234952854614
0.38250212231926783
-0.8346784798929029
0.004097632438831711
0.31875566022471136
0.019902304882854466
0.14218825563277354
-0.4682744855402839
0.46341724724710254
-0.941083441708037
-0.1912831113135066
-0.16821790259010566
0.30593260011891543
0.7547475792528678
0.23307581199036248
-0.11724862403832144
-1.3812977029710098
-0.5962643383438739
-0.37301961504859
0.7444380040155455
-0.715669848355758
1.4261171612288825
-0.89126412417449
-0.802986912060466
-0.643729697878041
0.9652928259981524
1.0817370159565822
-0.03103093685583201
0.8965466656692976
-0.9785641836500505
0.48350013271993036
-0.1823392130128727
1.2180731155534785
0.3164977589576672
-0.6240730954722247
0.6323633729920146
0.30068775374865603
0.07426147446593101
-0.9336508681686001
0.2783745875540276
-0.029027266372562477
-0.658201114677385
0.720251777895889
0.6487684598431078
-0.5029325359468795
0.3660270711311258
0.3014274801424459
0.48295208385144
0.5504328985629999
0.5452118945419483
0.011586162156080798
-0.08173863245858246
0.5279939619059012
0.026673392441393023
0.5346664268390333
-0.35962297855388925
0.044791235219681105
0.11795480655572346
0.5974892281490567
0.29649720922641687
0.10448203540364924
0.5298521858908001
-0.013857263355931293
