36 4444
-1.2532921304847489
0.13164528790047086
0.8466244666639536
-0.006712827360459292
-0.35561685722546615
0.1172284049496493
0.9964639607138576
0.863354608210236
1.3106686057112935
-0.28119605736469255
-0.34244564228033325
0.7407117295805989
-1.1595781439919641
0.7572758576779083
0.503399878174297
-2.2564511751028373
1.1936181867165472
1.0092825807069963
2.198092410503026
0.20335601389033148
0.46962331579097755
-1.492534062959733
-0.0016756444418745131
0.8264671756857016
0.32233848226250456
-0.48958187018683313
-0.9829228929529363
-1.824486831839347
0.2848623623735994
0.5242800411566249
1.0564771396208608
0.4844741019226704
-0.4809530788660141
-0.9560352713557982
-0.06037403400366548
0.6034160625649586
-1.6912697345428176
-0.41520695637357574
-0.22494955434509084
-0.5691438282764546
-1.351442837454152
-1.290214988211487
-0.0986899804942537
-0.34645696791069913
-0.2985236660296377
-0.16959899377055077
0.34419048723758183
-0.32326361568290823
-0.5370712728373179
-0.22877384322886238
2.33104152407764
-1.3363331717049527
-0.5518176355543399
-1.1255160964350357
-0.1874513793392613
-0.6203211485319567
-0.5843328397282522
0.08160748591409081
0.36322228685482566
0.10202724203632874
0.15113663773315184
0.4236188225252753
0.5672483118827665
0.2637404715146269
1.0484189226157996
0.409954358363546
0.2615636720531385
-0.7863827771026916
0.8165274015557238
0.9348606138573183
0.24172305455071344
0.7319113849787896
0.16450001950869303
1.4620232259257637
1.5579469875203251
0.35905248982860066
-1.1346699690549342
2.06859961917296
1.2645359732123027
0.9813333715566452
0.020354598178191657
1.1291525262295403
-0.35015674328840674
-0.032500267101713554
-0.3320731586796995
-0.033323503873814095
1.2397189963230386
-1.061987587293649
-1.4557980155430035
-0.6410890195131883
-0.8388324772100685
1.23820325809578
1.4350119178587493
0.5276814847320483
0.9397573630749213
0.00425329691555433
0.45082581701280283
-0.9944355183019109
1.107484249563362
-1.2641826437186185
0.6990727843969755
0.9176277132423367
0.317685909436613
0.854776381069103
-0.7192974365828853
1.0910435613002658
0.7747550930821282
-0.6067554362564525
-0.6166052384426195
0.4433883955756134
0.6406234571392271
-0.5292115214824921
-0.32589808518659424
0.8032032514240065
0.19012581284717012
0.21535217837932896
-0.2644223412717273
-1.1678127233631639
-1.359712316761279
0.43292798239001246
1.4676654063652497
0.10343976285399084
-0.8467759370961002
0.6040666574948026
0.6591431253815022
0.1161545590185672
0.2407229213757312
-0.6077775309441105
-1.163111524634013
0.2591726449417988
0.3065643301294248
-0.28610849836657004
-0.32120316886541905
-0.7708296193433225
-0.09047229980576921
-0.39414954194786683
0.18502603535457407
-0.8438880623386493
0.7834504886267982
-0.3652785713776399
0.8246112044737904
0.4472780846825872
0.540762958479033
0.3560034909272758
-0.16288463586033042
1.0054213452099168
-1.3027191983301518
0.9045682503580241
-0.6121813381042647
-0.6612491544968073
-0.8289376326129827
0.6100486956896544
0.905368083407969
-0.3056479371844565
-1.1233064185935049
-0.5609275187044169
0.6663413097740374
