47 3674
-1.6164333322827777
-0.08430359017643413
1.0172743289774515
0.21708353308552947
-0.08703727079058038
-0.17152324951670428
2.007472012842517
0.7866028533470312
0.7238451864358395
-0.9674263161127241
-0.3992038487919863
-0.27720490871127823
-0.7783715675218474
1.1202345459839882
0.3755065341713433
-2.002401527739177
0.949461775483168
0.3881137095183528
2.349347707381243
0.0906089861792054
-0.05870927613676166
-1.000204860758919
0.5535520054890641
0.46028195120017945
0.6191144612735489
-0.4063738560177914
-0.4213754315765589
-1.3493446683151784
-0.1718820120741822
0.40277014352513885
1.3972279970753128
0.47490832215822754
-0.834594112091563
-1.2989102002435797
-0.04346317803028127
0.9215708369934416
-1.818588223583743
0.09663861344611055
-0.39453235779624435
-0.6609626475827992
-1.703548725857135
-1.6908870610581441
-0.6392957535137815
-0.3905558762871636
-0.4328126124407702
-0.5482970027452765
-0.014665235772549204
-0.16396579428368718
-0.519318019882942
-0.13866337739945284
1.7329845178119871
-1.1480199703158234
-0.5766006836434583
-1.3898621745270776
-0.17814782875719942
-0.9473812889537767
-0.6588489978417575
-0.09346531277754203
0.13787862330481482
-0.08202718754481936
0.013872789626254378
0.3110276810086789
-0.24135427138318322
0.12364945363499485
1.5276803337144709
0.504087132648072
0.2720564461274137
-0.8241239112986884
0.7132877405733535
1.051423925448303
0.17240256506127202
0.7905237029842731
0.7596372955574444
1.4150965274993705
1.2937957028690041
0.5214631902231743
-0.2643733278694848
1.568298627639458
1.1510127257910665
0.8661544083780937
0.02553746307985097
1.4437051866646446
-0.5082054059319914
0.8250971802162445
-0.08699952493147543
-0.04497690516084604
1.0442927972022549
-1.2747382987365838
-1.7223210378328715
-0.28718221614257433
-0.6190856673030914
0.6892332194792884
1.1578910380761092
0.36199015743252844
1.0486254029123145
-0.09492807593458497
0.4583531877594428
-0.9731283295042834
1.0017494972670338
-1.1188981064915091
0.6220579341081078
0.37611097304070307
0.46851312090967984
1.1948115744744623
-0.0948175499298777
-0.8311750779183574
0.39550738893093995
0.1437093087858919
-0.09200377450286386
-1.4958908844984322
0.30808082709540957
-0.6963762771655552
2.567232610448953
-0.06700156503127164
1.1009269478278414
-0.57765536606314
-1.906870716474526
1.4145060573568098
-1.1560338078933154
0.4765572027700714
0.2936942124402096
0.4092134017641913
0.9513335823056538
1.2585723358161562
0.1786745041532231
0.5840996728099093
0.9758729713675929
0.806225228543159
0.12386378047983285
1.8998571781314526
-0.3554005231008537
-0.0618427050207475
0.013256605440800068
1.1451525467151267
0.5425189149676182
0.5884965602213276
0.6871222479956356
1.25268731227705
-1.0274009947486107
-0.10511607894396693
0.1034450504031128
0.9301881084558677
-0.6570022460312835
-1.4786658531548835
2.2867134115537477
-0.689630555675545
-0.520510380720633
0.09123325940581442
-1.2674255122685008
-0.25485761916566263
-0.6166650425438345
0.7122582788637594
0.8148821773234425
0.5834697151645537
-0.6189062261514698
0.23015538575361388
0.18322752975180173
