20 830
-0.9159762434217185
0.1550649543732284
1.0173312123579012
0.1421019590591194
0.4205169497968416
-0.5694758087532023
0.9050838267914533
0.07713034424112815
0.4289323717151541
-0.5909179407500327
0.8727555154903608
-0.4197601645879374
-0.7593091007209639
0.7167365160359602
-0.17169193034180688
-1.079789472661632
1.4671311701784318
0.5471803758727525
1.0800270326260524
0.05588403099713146
0.2721507691087204
-1.1823307043995257
1.025254626893391
0.3290078877532087
0.8542281886517014
-1.1069920955688446
-0.8997463924162991
-0.8022544531054293
0.46561281694990886
-0.311831074123362
0.3674547444897517
0.7737636993397294
-0.15124502445871418
-0.5596709985869559
-0.7854859903062605
0.4597641158176551
-0.7492103595150482
-0.7567501127471885
0.3851125506341997
-0.9255809870715694
-0.5231276988026097
-0.18316959278656722
-0.7267388672958974
-1.1239642779763992
-0.33932093028263105
-0.0718094984355776
0.5588148029581645
0.8252697129748501
0.622449033807076
0.6907849607784251
-0.14087075176349478
-0.5377072981414075
0.41555550157099247
-0.21113864788333742
-0.028580256061622872
-0.324385721272778
-0.7672197586248554
0.45785542208369767
-0.4457376226166738
-0.3496110790703695
0.6992372396516762
-0.36396415269895077
0.6248019327858387
0.16927736449630337
0.2058731664631524
1.1017878082839616
-0.09820462947483133
0.8445808691837428
1.215585193617082
-0.14866965402177887
0.6793453326633724
-0.8591332264522926
0.4752200689788737
0.9529621811196214
0.07799950423744986
-0.3354275971101595
-0.2495297367530998
-0.5135353114206404
-0.9802949061788304
0.7482748936975903
0.5297468333223334
-0.732257735936527
-0.45872349274000995
-0.2445453679363463
1.138894814372383
0.8243818800074588
-0.05805926481396262
0.7258631773473075
-0.8700046085583222
-0.20926728194751917
1.0120647980195827
-0.7422601417258919
-0.7485295750404716
-0.31579230472061404
0.594737309424571
0.3325639665261094
0.21625393483932492
0.7325829103263346
0.35462384246318734
1.1239797031686867
0.33753047030083094
0.08136588601693728
0.3713361931083215
0.6733277928718454
0.12177266936827681
-0.28266748131157393
0.28201830757143376
0.029225190164093806
0.3783171703894549
-0.9295488155961591
-0.7547248994836003
-0.8958844953423097
1.3700117630336237
-0.5194819278671596
0.3371187673116435
-0.2514891334329583
-1.0862686489110311
0.7875364531539769
-1.543251949785626
0.46258791329165466
0.29803253603134205
-0.3172409145719165
0.645587502626537
0.9915751141191521
0.9438658214707787
0.5483819215205482
0.3363006805372302
0.8550331713717261
-0.33249129661676935
0.8622581443180983
-0.8871610181302745
-0.3263434094108362
-0.0017018688470064325
0.9818228457138484
0.5042210816153092
0.3732241912491818
-0.34278338112157014
1.1925442951961889
-0.9629027427006267
0.15350969122683691
0.032626706002412575
0.5691329580538166
-0.5976282644772805
-0.9851951218869968
1.428390975959046
-0.2646591568422578
-0.06326870673474926
0.434378451039508
-0.05929426406578528
-0.05780005860025719
-0.895227847237616
0.5901022562995133
1.4029687772636934
0.8302519358684031
-0.21028879465721226
-0.7689597600231362
1.163253059961014
