maurice5 1130
0.24744346210240153
-1.0261693158289105
-0.062291079819541864
-0.6132053397403397
-0.8415119837506473
-0.2284824638133358
0.09797276400603279
-0.48707321854553354
0.2771731255229182
-0.27754730548435397
1.1602584241310245
-0.5352950740811939
-0.38245776409625676
0.17238041893444056
-0.2580193071468819
-0.6498252974672234
-0.10488271962587434
0.0050509878349794535
-0.5067510750244519
-0.6712924663333343
-0.6066951892511434
0.137336861132133
-0.05314772147410163
0.5738090637634521
0.28676013649980453
0.034958346623368275
0.01068773613501861
0.13947177752206213
-1.0049084063842415
-0.8237471707696769
0.3340121050276147
-0.7452444025781091
0.20809363004253098
0.5725745651564036
-0.1146742010170872
-1.1705491111011779
-0.0036795597058338902
0.6508001210929473
0.3052899007022223
-0.8343521995833124
1.049791411350525
0.42518721324338
-1.08310128805
0.595596020617224
-0.6224353935866295
0.6219557582670685
0.2706581033736811
0.16673956240027774
-0.7145717649672252
-1.0498173386286798
0.2163368233058919
0.009104801444588882
-1.3842748176527024
-0.49341173073781924
0.09100668414279316
-1.0246897079409896
-0.7748248743404927
-0.9588757939419571
0.2358383620402184
-0.5611203934266916
-0.33359655144186645
0.426394441803633
-0.47491525028590753
0.3613692118660721
0.8874830920578035
-0.8946001940117909
1.1936993667351128
-0.2912946547248461
-0.39805265035454024
-0.42617689076761334
0.6591135808992594
0.5191101200509431
-0.38816588136942537
0.2526807812229799
0.6531967121798969
-0.7763429931445538
0.6985136470703427
0.4279580955476283
-0.4845979336023158
0.6606600147615418
0.10221523742578206
-0.672563140277007
-0.8680723769592651
-0.9930259014111219
0.7610868805738304
-0.12107739655241895
0.26507619010456085
-0.20189973899161465
0.9475271994825313
-0.7293514712909863
0.9721781921935129
0.22576352667557448
0.8253525103640942
0.8810756533904709
0.7027189385321493
0.2600945608238354
-0.4461624803454551
-0.5448611045868899
0.2444797525110709
-0.3146798820962059
-0.8437490159621925
0.10452832867530704
0.24348442382926816
0.8040827764901526
-0.18406465809307046
-0.4148152790475843
0.6515617532113566
0.6177890555764513
-0.5272879606245413
0.9737201957327648
0.5029120349563478
0.2518610224051283
-1.1901992483706092
-0.7054919957129956
0.15578499525320838
-0.2546912141417633
0.5879269345992637
0.6208520521254186
-0.6685206296981738
0.9290882372971929
-1.2323134113374048
0.5270852442888869
-0.8108501273941253
0.5704753160260334
-0.29549610747551414
0.4748636387882431
0.6430278356415764
-1.616316454909828
-0.36312646245429664
0.23844844187312803
-0.19561557929750034
-0.35954133225362306
-0.16655763104442634
-0.8621261442463672
-0.08161276267577461
-0.3585416410545962
0.4201833201425753
0.41253791085240504
-0.2534990987919672
-0.20577438237551382
0.489289256287998
0.7072233868725701
-0.37371802626054634
-0.5569630818486857
0.1337110525780461
-0.5108700009552013
-0.5031032269115321
-0.014740750670991266
1.1658745491111788
-0.32652496644971685
0.5929592121052999
-0.7839511717554672
-0.42666212703915274
0.0467077629803688
-0.427147321050982
-0.028996711572635444
-0.202322245301487
