36 3461
0.009989566210756178
-1.3428980801499748
-0.847247642239426
-1.5522864874854134
-0.612809294734329
-0.022759481752318053
1.4278963829779765
0.9479290585719709
-0.31686938721802016
-0.6288168266456768
0.7479115804086331
0.7860132400565483
-1.4004714579425936
0.9943548667046465
-1.525974664138072
0.6217688453107464
0.5667441990365567
-0.6428762080472253
-0.06162830049230304
-1.5973859268561035
0.3069078476763253
-0.06378148738851369
-1.2302279391990658
-0.266608615280603
-0.6281876124001354
0.33914364359732285
-0.008992536256491004
0.37651975467140464
0.7523262993656217
1.8475971162843146
-0.09198057940865041
-0.5892731966407297
-0.943909194245167
0.621653357954201
-0.9249063521820562
1.2133689865191863
-0.9834635348902211
-0.38847581610133775
-0.7517462734689238
-0.8967759802183536
-0.19489090664115
-0.13683150224294033
1.5159840960134539
0.9211024519598077
0.8116911055861634
-1.1764271628343204
-1.1841086473746916
0.8966348215544488
-0.8278484081033078
-0.6609409071954383
0.5160676203954241
-0.8286680914768169
-0.969317085466406
-0.17756336316265403
0.10847588005037094
-6.335199078072451E-5
0.7627010711488389
-1.297600042600492
0.8432615334959018
1.785737952936095
-0.4053577898243266
0.0271921086326202
0.7715182512411712
-0.06897447046330712
1.5681012377210592
-1.1839494211882564
-0.805625839743725
-0.8666465478010033
0.08389254070480781
-0.3198319512161015
-0.7932254304485217
-4.547721370616875E-4
-1.0121460883508828
-1.3218593500134346
0.06537161452264034
-0.22417496000245565
-0.26650780391156204
-0.13490742898508232
-1.0579082985873063
-0.0034637154631608005
0.16105361896776488
0.10794240099436977
0.8960846505917341
-0.21245187635039267
-1.3235609501697734
-0.03345424555702571
0.5759649810049934
-0.1682399834528786
-0.1826256192384279
0.3383574279267217
1.1246475064351333
0.07965164693867077
-0.6385597998672075
-0.26150384756458195
0.044261845013333856
-0.7502067522900204
-0.7836827993770691
-0.5747395722269464
2.207391781073564
-0.30254791640361134
0.40954834549066255
-0.8581819782721053
0.6696682175819713
0.4973846697920866
0.3120169130863926
0.33322290658327525
0.2592352830120018
0.5639339627150383
-0.20302578432821825
-1.1380267621246745
-0.7927598022161179
-0.48948091938226945
0.6752286542498408
-0.2708715032668194
0.3781639286203732
-1.0063919170865345
0.4478586767596157
0.26219411879849713
0.8884660224920947
0.23356737623806623
0.5231524469879341
-0.9813644869264683
-0.26814398631666503
1.0401682954013205
-0.0525978967711454
-0.44949419560400783
-0.7100173060701247
0.8640751281565633
0.49965602428338873
0.33587763208445337
0.43037753715061894
-0.437509015901194
-0.44881589326757976
-0.10883858164947821
0.25616475981826825
1.136766533921045
0.44945359057847184
-0.891311505825042
-0.8696450192134877
-0.10025329862864879
0.8106488874378167
0.6431644317420728
0.06979281087225331
0.8543786903850973
-0.6304501645116704
0.2029406022099687
0.6585191455719814
-1.3708554830374737
0.11593448547482975
0.24154320711988592
1.2644916874281988
-1.055474186753354
0.3533968380782312
1.2648824317458747
-0.8835598917590494
-0.7087425008963341
-0.7462030087051958
