29 2889
-0.5165209770834877
0.7322230729418997
-0.25997744173019866
0.026570813880112454
-1.1023997012080977
-0.9100379358290039
0.7077176053876887
-0.9953637723483352
-0.017605543288814723
-1.2502188164328587
-0.37050589508574494
0.5946868282581462
-0.7440049163040582
1.1633314586633607
-0.34725754723925023
0.4229106373015041
-0.323193351558636
-0.7224577456659967
0.7156706396963621
-0.9527340185045707
0.5327470099815584
0.17480423647046361
-1.0368200223040465
0.012246730897111285
0.7290270943527323
-0.43682356322527927
-1.0168875344609398
-0.275114437509952
-0.14671357909869065
-0.9615627857884762
-1.010281792050426
-0.6473242353767493
0.9106261287666201
-0.7933389642699853
0.3525814921828827
-0.22158932927713446
0.6451998459993639
1.5812209942763151
-0.7951715569187976
-0.6616198996484042
-0.5148622968697468
-1.0655076092957172
1.0717347965344963
0.5147847621930862
0.43595316784053934
-1.0481729505441273
-0.8636588044353979
0.8966348215544488
-0.6692112411761325
-0.4860754034835232
0.5664349619326512
-0.37919856955293874
-0.1624901289247114
-0.6026412039133014
0.32869911908044974
0.21557046064745228
0.5668794483810793
-1.3887264959869627
0.7114317517609268
1.6381006003571146
-0.08233709134782621
-0.1469406915849217
0.7901653497048778
0.08739035072055579
1.0551793719210725
-1.362930876680248
-0.8145261922559706
-0.9119527240581772
0.033089734474384486
-0.2591358061169068
-0.7663170661538389
0.169927903082776
-0.5106327604223978
-1.0303999555260923
0.1242052917483093
-0.9776722227774651
-0.2544183034443568
0.10754315910223444
-0.8432772293932868
-0.05339518187477921
-0.25003312180018805
0.3712556504816297
0.5165401602101806
-0.6480408319307968
-0.716097963886865
0.48870197967446827
0.5006302903787931
-0.48010665867188185
-0.4646625633315391
0.35431105414096187
0.7983008986051551
-0.28667297422851434
0.5396588754123467
-0.541850443205413
-0.18810144799248052
-0.33812902603068784
-0.3495391812440198
-0.8252768467814959
0.22115449508358884
0.6727464026673561
-0.5519755842000251
1.0552224054738193
0.023339174511418634
0.7334255059066964
0.5498138359128945
-0.8104362458020183
0.35452114072936736
0.39496159082475446
-0.3620979440713224
-0.61324744424753
-0.4642023541112398
-0.49008685592441525
0.07471078459734964
-0.5634993920774671
0.6177880713836109
-0.5048271409728272
1.0139796675232824
0.7212772912623586
1.130469784353991
0.16259675329367917
0.7334044465263734
-1.0434821532887935
-0.14429307470634173
0.868756605377816
0.19585589519209234
-0.16970874227770638
-0.5924859864674039
0.586922690074337
0.8548348437586122
0.3857303846075747
0.33367015052913707
-0.20013014664710038
-0.11156846988975833
0.029702113892864146
-0.029081030248200912
0.8880053944447641
0.5217212837955321
-0.562859338712625
-1.122815171319763
-0.10025329862864879
0.3206032173498108
0.7713294333864721
-0.1391951981291255
0.9984481000419863
-0.5196988878390196
-0.421330157801978
0.9771638335059605
-1.1333283301057029
0.0441944700751018
0.2972296994564
0.7294908355599868
-0.4434036805899224
0.26069866513271567
0.872114390238708
-0.8671207513665232
-1.02920158107942
-0.3210505575023598
