Type2-0 301
3.231092395938513
-3.3983837896887334
-0.593980465483205
0.534310650759713
0.8501103361133602
1.2965300921742262
2.1835942652031544
-0.3052903916043215
-0.6396651368968054
1.9710094805732354
-1.339245588015762
-3.3582224302335577
1.5196736971278557
2.82048552150036
0.2720001538056061
-2.1138973577653917
2.0674107400781314
-0.80958624100168
-2.0193360888964578
0.28046712914799143
-0.8019369602476826
-0.4155873045957837
-1.5553479296836348
-1.6253366029007597
0.08152651771324257
0.45894860718622
-0.6817533634360016
2.408088353370382
-0.6488301775823772
0.352139920010064
-1.559331760699752
1.37458282649108
-0.08184904497637369
-0.3809366615733875
2.6161454507629616
1.5071762330423393
2.549455392875576
0.9491670401054607
-0.8501594538574297
-1.3698813647131802
-2.1108830454406666
-1.1219166292192155
-2.4516787790057966
2.098830352472261
0.5846975831290439
0.05957254822011207
-1.0884918399430328
0.9376545868141669
1.2874061844466034
1.7656925267319212
0.40314310373042117
0.8365448656939451
-1.6471278018996722
-0.6674646276271072
1.513459662446551
-0.37869141763890574
0.1350434736264372
2.616310836136802
0.30082374501654086
1.5436813716169129
0.02607371129493094
0.2371068180841291
0.9550702554695892
0.6756073269649114
0.8089014090115711
1.7884297487562302
2.0772839420363187
-0.6500966194073509
-0.5739452793355722
0.814977786931743
-0.20347587767904413
-0.8087789642852408
0.5314362216585768
2.0927445198967924
-0.9195826856645144
2.2607787288850925
0.11683192205726581
0.6394261823817342
-0.33531062417168284
1.0599120210369064
-1.9099844857776345
-0.06017765158954869
-3.0998172903701575
0.4723096704760343
2.4281419193921505
0.9253388661613818
-1.761060865131309
0.191840679425124
-0.07878152683547811
-0.09198410847671429
1.8181589091463717
-1.0451732163942784
-1.4193398171987106
2.5378759001973763
-1.1884173798931983
-1.8618929266941182
0.12022855896329172
1.110843947063998
3.4742215779103507
0.09854117626363701
1.204924804761123
2.858743219209067
0.5717402041638425
-1.987219143565564
0.5210253846013392
-0.948195492172864
-0.056430641789493585
-1.9260337504603393
0.5502548462389869
-0.900747232588011
0.30941118887464547
-0.16091850877238167
-0.8102552972803045
0.8687825970223378
-0.26005861474755537
-0.08614195939640246
2.1554948400179175
-0.24694180305579752
-3.9731346563676935
0.20377209913070748
0.2958894626684014
0.534398202404434
-2.2612770836188414
-0.6895883168600798
1.076985039871292
2.0700823336717478
0.726283260725084
-1.1004836862140355
2.1463580100505055
-0.5983282768612332
-3.536955994498712
0.9743390540286153
0.7221933262851781
-0.38385465994319995
1.4235053248911518
-0.29854563978309917
-0.40945898225593824
1.341967223683477
2.0756048793086004
0.5102664148254696
0.8428970050836491
-1.7138003720671793
1.685115943207394
1.5130880263390507
-1.195054111291495
-1.2844757558303956
2.6715927801823933
0.23533726254783557
-2.2580837631191697
-1.6254834926789028
1.905421705076165
0.05693995305281925
-0.10097375365181911
-0.3423952803326972
-0.9808210933528213
-0.013140931095946884
-2.2483433504068
-2.369093451038343
-1.2861747186651953
-1.1233110401342767
2.7443942522521647
0.5361195234125696
0.6396642194741283
-2.801858099720401
-0.3610416063237774
0.9565585379039443
1.3754814418109216
-2.7447406491479898
-0.11326896478694898
0.46484458301202874
-1.1535713345160747
0.27918984319983936
0.1010694547976888
0.8838279984601989
0.33370967598903595
0.08186762192057773
0.34877127626317916
0.28270116723514427
0.10490324901554393
0.03971024507445153
-0.25978400255154144
-0.5235991565482384
-0.008442130380340224
-0.25604295597871035
1.4908279438654097
0.10689179266303228
0.9801709107010921
0.357148581961815
0.06052558351233647
0.8268279406767693
-0.4883185630063421
-0.4919959499081022
-1.048358768599137
-0.15108218114059663
-0.046644637434341885
-0.49177630262826727
-0.02942206902754733
-0.6194289582570247
1.116939341198349
0.3767324171593338
0.9456446025074727
-0.17077106449828375
-0.7497705900969157
-0.25826444095665896
0.927240663384067
-0.9076627322785925
-0.7369112281835781
0.18029218846628037
-0.39714025526800945
-0.016156664234267717
0.714682959585218
-1.0480440661277939
-0.9396257954439123
-0.7784451991695467
-0.06605381039939504
-0.2650016564111791
-0.2737063323242651
1.268169366406843
0.46266824447827065
-0.746856310740502
-0.9675899635879707
-0.10957079598478756
0.1935155791474843
-1.0656966501358252
1.0762483917540295
-0.68907367733586
0.9814881524032771
-0.5373492688209903
0.40987049994321223
0.6847391970526526
-0.0032511365824298144
0.899575289849104
0.28922371321098383
0.07157049463356294
0.7529534042590427
-0.7563929415153509
-0.9930588873444746
0.13515035466909575
0.5215476856082446
-0.5220878600951154
-0.33596516025778606
0.30887434896572274
-0.8306359777316454
0.5064527036900901
0.8699657814785304
0.2028116706325707
-0.4035531046595726
-0.14701411532173325
0.9148820826231733
-0.4684815998686769
-0.0682025526442113
0.3435146146308113
-0.25268759434125365
-0.7742362758341258
0.2887484066808007
0.9039993973512095
0.09183981482877251
-0.32552926692824685
0.4990396826060918
-1.367419383642718
0.38526851643887927
-1.0730843950577558
-1.1857865158599885
-0.6119315327500376
-0.6501260163709867
7.234511974955268E-4
0.4143201680718246
1.193051552546617
-0.3136233811752405
-1.0895938812949095
0.28755777622836864
-0.7330884185973398
-0.2204593235476143
-0.6722344147357382
-0.3598981106338945
-0.1569081063137423
0.27670097565493146
0.5514739612766903
0.30371871590447597
-1.3862902548130687
1.0811506449622033
-0.40847486437420216
0.39953360545906835
0.07571736030286284
-0.3984397934365039
-1.1820607723373853
0.4215677519131177
0.43326050468752886
0.0894184029544812
0.6548366423686012
0.44483902490410676
-0.26909234494756507
0.9779671108040542
0.07596926472812199
0.17068688833503418
-0.44483670918343976
-0.3626829167289245
-0.6552998903022677
0.7411668444798685
0.3952272207278691
-0.5545051685339917
-0.12391549580504235
0.6728885434597744
-0.6144017417448173
-0.23081526165054939
-1.2764361163594515
-0.6287295037505912
1.6936739630568198
0.36059076285682573
0.005280536273487402
0.3357683128985655
0.9156318937534413
0.7794576647182817
1.0177876722260764
1.038857315096136
0.17060979886841166
-1.1970651968288128
-1.1542316936287516
2.459760498987916
-1.153630468712735
0.31122894098069936
-0.7895767953370424
0.37489591550184215
0.6573811920351442
-0.8352550547155003
1.6959188897927429
-1.4253810018567965
0.3640325499064619
1.534493807251649
0.40032807076135557
0.4546973111479178
-0.04234585969886595
-1.7149621670003563
0.36754981903482276
1.1421137013312241
-0.3024105169912761
0.07682080692781457
-0.0828887836452151
0.35404024159451875
0.7348527012368247
-0.3772863267386805
-0.0094451878683052
-0.6147538980791778
0.3006697595317636
-0.14502143995048977
-0.043184542873819814
0.7632522500098624
0.8969028774738297
-0.27174716167190294
1.1097803946417
0.21631364732411143
-1.8913668906342807
-0.6182190505242445
0.4283752603247471
-0.08281050957087711
0.9302131062016361
2.0240699771417767
2.184066703826558
1.863097594437275
1.3635297107814104
-1.5636088164273967
-1.145834961215862
0.7364271003678506
-2.108523604949389
1.6193018740704404
-2.232763425045702
-0.36000151500399546
2.0868723370255022
-1.613380682457108
1.2181074681461461
-2.3950541329366586
0.6873670583079637
3.1524845495590843
2.682107801269208
2.1782526879460757
0.39515775652679896
0.5545414656622066
4.9046755624780305
-1.8285584195860003
-1.93663578530672
-0.16854323817878542
-1.147076896426391
1.3314604345966332
1.7891299874552526
-0.8001063208456842
0.6277089497662839
-1.5784836954008514
-0.10926455159677853
1.6799618936994554
1.2424029892322173
-0.8401729968721693
-0.28895922053565903
0.22504504821987037
-0.04220733703887794
0.7193732858168689
0.3201798219371682
0.20916001684553082
-0.37249019065008093
1.729200601100726
-0.4361317230966266
-1.4032069098519804
-2.0028446779914466
-0.14843545024626917
-2.183663498318579
1.2674956383565352
0.8599036439805138
1.61685140602843
1.103277130553843
-2.465122568635592
-2.5713515021261344
-3.1603534984779245
0.013294747780045024
0.3986411868015588
0.4463236833444324
-0.06794344375984532
2.168575897158257
-1.281459963976419
-0.5456689215176556
0.8534954521453634
-1.4609709172993701
-0.7623343222948511
1.4183428868761312
1.745499074362324
-1.5148862452638592
0.8934312447820925
-1.1213052074552639
-0.49004922865648415
-0.17210617924936153
1.4509864941529957
-1.4748063911981513
-1.559906602232127
0.40219389138410133
-0.6946523859050275
1.0654615363070978
-0.9675068577393351
-0.7015528638566446
-0.014875387310525477
1.690226236394045
0.28217295592441527
1.4654409153671477
1.2855957967505278
1.4239862801547214
-2.5072502692181624
3.194683459366475
-0.05487875719906854
-1.0308446744068749
-0.7223262081869855
0.2939258822955732
-0.6244580119799427
1.9555958851958464
-2.1738960521400807
0.08097242910036959
-1.0189595887289915
1.6020499772812453
-2.153385267703062
0.7282012967059114
-0.11757743883226504
0.8905207824381504
-0.4597188064613578
-0.8579821938230263
0.17888183519018971
0.5871105048097153
-0.6175589983756111
-2.566131476737143
-0.09167642903278306
0.8591767344245993
-0.41161151204042024
0.20713850013660096
-1.7273012385925852
2.142279660026683
-1.229896617899825
-0.5591675063537118
-1.74003914901512
0.18874930715639224
-0.8805229714890079
-1.599138612376556
0.49615359469973846
-0.6567811656584785
1.8358949675038512
0.7236537336071442
0.6754795202520498
-1.3964506298541375
-1.2394080163083767
0.7772602790639691
-1.7905566982631522
0.7001161916210107
2.193927860591363
0.760346620171729
-2.3621218286406647
-0.736207869718169
-0.9558248116541115
-0.6081879759350448
0.758689054282345
0.5334465418060522
0.5926129682402923
-0.7874698840612769
1.0153780602172013
-0.7023502080061017
-0.4294430511683653
0.6439963690385392
0.42886008035947987
0.14219307882767274
-0.7245423188721467
0.5349828915802193
-0.06594312326265178
0.0016386657066491117
0.601404911950296
-0.7055160543872407
-0.218072002197299
-0.26908587015518826
0.15779496732894427
0.895842582614951
-0.3783526306307745
-1.0754682448574866
-0.4266188925634801
-0.7810772331417298
1.1529499291469207
-0.5723343624782373
0.44174276258339196
-1.1079815714874344
0.4573359268979615
0.47346081613021795
-0.12818406657794984
1.1172633615019723
0.55851895007536
-0.01914048779085728
0.05689945955514683
-0.269367844909117
0.7562354418514242
0.2615370858115197
-0.5027670073062707
-0.0070334204204629824
-0.011602040868012392
-0.42059292096501416
0.16413371152593592
0.13234590520904194
-1.0563502052274276
-0.058986485555388726
-0.4929237478367672
0.43450457073754084
0.39853051404163164
0.11528200451022089
-0.374848642514661
-0.27417387047004327
-1.4895474131491422
0.4132815105017015
-1.2292565995474314
0.7564111017379855
0.6259301740006682
-1.114222547464918
0.42648425990021793
-0.7721950449370291
-0.32348223957874195
-0.6507153734047495
0.7960844598263908
-0.4503200390858997
-0.6423618417552959
0.7205540905042874
0.8952543939320183
0.9300883426528297
1.5605673369686617
0.5906745210261014
1.463183927117632
0.4563828310476643
-0.5429384589212998
-0.3437366036451489
0.5013991508058137
0.04787366822614268
0.14218825563277354
-0.17560844909722173
0.31960131149054727
-0.9238470132707747
-0.4162306006982321
-0.031494977494365084
-0.1702877305914309
0.7547475792528678
0.20353204620739104
-0.08488084862831519
-1.579025263674176
-0.5403960199163671
-0.5834909849303928
0.9800829284124191
-0.544609997307426
1.7192259804732135
-1.1849525628271607
-0.7889881644364942
-0.7338089199397951
0.745750524365092
1.3387424145545352
-0.43877162765535627
0.927926325448385
-1.229475796461657
0.6389969268661828
-0.26446622153579114
1.0633657644696264
0.11273128195824
-0.669962499114136
0.12001469419263333
0.30068775374865603
-0.1462584148740449
-1.133529333716138
0.26829676774377337
-0.29717587337387563
-0.5753285420297574
0.4283450582906919
0.8625165095400346
-0.11308889099992128
0.14363219606789707
0.6468433689763309
0.6292085357090773
0.5504328985629999
0.4801328247098138
-0.4220832890182692
0.06277144091936508
0.35690135423533575
-0.18703759768328915
0.6351647401531066
-0.36079894473005064
0.18803762520395187
0.22309861216937998
0.2989132296208599
3.588884849608509E-4
0.24783085319586498
0.09442637295774942
-0.037711646390646475
