Type2-2 1235
0.11559230581107253
0.4178287210848204
0.33913606127828966
-0.6522606447091606
-0.29307884644780546
0.6787416996922809
-1.0083660038703994
0.4639469998476633
-0.01028922947889016
-0.3389553437663217
-0.33021843707602194
-0.5373452989006057
0.05521537167705847
-0.06654383052902266
0.6492003521312995
-0.42094339150455506
-0.7982562997246763
-0.4937915502641814
-0.5334930144617287
-0.7348092315978171
-0.6699155527683271
-0.5748618290758735
0.7887092888805001
-0.9473576488684712
0.9500486994202655
0.22525853677436908
0.7410329835195036
0.30543037698367237
-0.37342596784813264
-0.6714750696705221
-0.8213293937726276
-1.1376634536855723
-0.6849053020025107
-0.4217201820786695
0.4556072543252864
0.8047065104745278
0.5167914998049832
-0.2144283260809685
0.7779321457044531
-0.6006782897935267
-0.34186464232054853
-0.41179104457289983
0.17211680311397282
-0.41474513856370154
-0.02105783434710287
0.638211063212356
0.9070589181872538
-0.38421083691532365
0.7379112709448967
0.8786820362132897
0.5926653252463112
-0.33288946398588126
0.2509400272710034
-1.2011129885548542
-0.23074557658991704
0.8138989858214669
-0.1321181674371521
-0.03539734501216474
0.5951519233584487
0.6406224592646672
-0.9171075972258749
0.4940001378728719
-0.5054748747358482
-0.7316641173640918
0.548269220657243
0.72974360484419
-0.7953438426904336
0.5537080334596451
-0.22136900264310638
-1.159919382570671
0.9217073998942726
-0.0915213826773264
-0.7474984835586671
-0.662763732233838
-0.9142741414695534
-0.3652035536272866
0.5212641217535671
-0.22272710919088015
0.5715905379707042
-0.13516066098549517
0.49311920086924665
-0.596206259157485
-1.134542067883402
0.30253401048048256
0.19568843001775976
0.7844911652810224
-0.4534534738598788
-0.40930507340611727
0.18699046615402562
-0.44294705685216873
-0.5062533307381083
-0.8497413140940488
-0.33084338754413345
-0.20563274805522516
1.0333738647191357
-1.0840704390317089
-0.5705079696435672
0.3035537914653732
-0.8933895451327338
-0.06951533433692902
-0.8672707632752399
0.8174511300694244
-0.038648487452477065
-0.2831120565181995
0.49757532568731155
0.5417156224867334
-0.6069351278576942
0.021076861560833413
-0.6349644524224051
0.04618405224247324
-0.4164508305271928
-1.200867691224412
-0.5084935751151323
-0.8492884684982736
0.6139485535824177
-0.2410664103276103
0.7356915419192949
-0.9355624247684575
-0.7305333747622478
0.17787685440465517
-0.364295325027089
-0.49258834833794707
-0.5477486961101011
0.06257927405742064
-0.018907370212301294
0.25733503159829485
-0.5660147929258577
0.7998432018116026
0.30217652995855415
0.818018647822892
0.18236701535347108
-0.4208617386903357
0.9984296878444803
0.3062535481324633
0.1376929507529956
0.9106434668593493
1.137050139135458
0.49159627036169573
0.09234054593954025
0.4922886261046639
-0.0262345365874721
-0.8505669328418985
0.18718823463245104
0.4712101177445154
-0.5594875730863773
-0.7783613007626216
-0.728584700682014
0.4870456052267982
-0.6077297374072483
0.9391067782799591
0.12324150518269733
0.9639282742064879
-0.46301864677790744
0.21441158186552733
0.026561173545291084
0.8622811847326066
-0.11057067607750315
1.1340727700917572
-0.08517428292545509
0.01976725378771857
-0.9156231228300693
1.0815578788367706
0.18790728193134476
0.1280562004524729
-0.006161190485914625
-0.3390322446359834
-1.0418216608800024
0.0878049717620702
0.2605660157836429
0.5555603476606397
-0.38880060828294294
0.6893583877413025
0.1653614578652809
0.15047949937917862
-0.858672895556852
-0.24224735249629642
0.9195848475089052
-0.6040916145989708
-0.9150972539968576
-0.6737769772211062
0.33753990620075824
0.7203911697946972
-0.08458922586660189
0.362641925230457
-0.2749864293128871
-0.8605435017310061
1.0555472614004038
-0.32374324731744286
0.5834140224652181
0.18375826707719006
-0.3910327249082022
0.17647802063308093
0.011743787550457102
-0.0688385868757802
0.2604104844814268
1.1699184912132543
0.6332523662175364
0.13983919975152878
-0.5841039278364473
0.29304250513537444
0.712451157569711
-0.30745649023712507
1.079211895480849
0.3896092182579125
-0.7535521060908635
0.15833645117161388
-0.6633367068404723
-0.8244781441238092
0.15864398218431613
0.2586212428934403
-0.4012528621594463
0.7119563343320334
0.06849971061464877
-0.2124843701270176
0.16706494527483678
1.0221060680655618
-0.3171115934530404
-0.5488044972138264
-0.009009586800281244
-0.47803194825099893
0.2789025757332749
0.729415127283304
-0.5518341940572247
-0.3824806487567879
0.5029122248558946
0.6607784802442891
0.03832780157561026
0.43620135969508667
0.6152802735462464
-0.7645910227328645
0.5912405388017368
0.9450242098781874
-0.8500117224888781
-0.2156066877218876
-0.4531115546081814
0.42298347991627305
-0.48011503651865584
0.37168461698958666
-0.7736636440297939
-0.5497485271532423
-0.927712651301015
0.4194582211964586
0.9687692476613775
0.11204899408412625
-0.48636029906405165
0.5661910461356818
-0.44495254729592815
-0.6014071458216952
0.6917643123124662
-0.19587006554681927
0.6960497559953993
0.899776541829512
-0.4610009114042068
0.49280200536393504
0.32138844379306364
-0.7627123398097093
0.4501936548366736
-0.14619283760856905
-0.7441648077811422
-0.9389396975593427
0.4813775302259389
0.16218491483182873
-0.7483339763542249
-0.3832535962547923
1.0651863640955719
-0.5344479211701096
0.7549261255891364
0.7404611450409173
0.0055346421459037815
-0.526463104228529
0.15760890472696473
-0.19684681996667408
1.0160442637658973
0.2520327577374339
0.9376083520222768
-0.6521869174163977
-0.15493804742671902
-0.9303703299301567
0.5842548199626914
0.581884538275919
-0.5732671303242741
0.5426806193618328
0.6489072970965107
-0.6640162639177642
-0.8147022427564055
-0.3751725168640374
0.31270384639691096
0.20093088557050254
1.026268080721391
0.7609917400050118
-0.48692689241871484
-0.6279742769610784
0.14593921957222183
-0.9758168522181263
-0.5663581500051029
0.8040800182221375
0.7316604758020262
-0.3605820630795237
0.4858897262661255
0.36730106798017936
-0.695429617129294
-0.1920705109592531
-0.20726199289260516
-0.2901645454610354
0.5878249322113472
-0.9440388368035684
0.6218422766316578
0.8571376306017015
-0.24545151841959878
-0.06043886352709005
0.8783229469007525
-0.16863454044862736
-0.7494280941190431
0.916271750301509
0.3374253371849676
0.8341833352362853
-0.5035729389675688
-0.6663521854753851
-0.26847404478342024
0.7790241335062678
0.16399547802309317
0.2648654013991664
-0.6907123403458668
-0.14349551309774372
0.8286320951005905
0.10685830575812827
-0.2927016612637914
0.29882337770722733
-0.22322381429387567
-0.9873972048837811
0.770525353403966
0.3090644434148634
0.5502000537824092
-0.8359270811436755
-0.8366845199431696
-0.2649631280384317
-0.7500347077348353
-0.2717616769804664
0.879472657392862
-0.02726175327489644
0.15202250132395534
-0.2750508470953862
0.7637887687730971
-0.555028280250616
0.3152544835811029
-0.28250495812440835
-0.5835637657103314
0.720523725339826
-0.9615505616400704
0.6629831912575262
-0.7550104487485512
0.21914765764588817
1.0899914199383463
-0.0391709789975343
0.09102141635800179
0.32570500782846024
0.004983314436489868
0.09035552346850961
0.7561844809702748
-0.15954124734839825
-0.5694531528744329
-0.17661120856981066
-0.16900293607914607
0.3295497210214291
-0.5739387431766472
-1.1026923753472542
-0.7330721026978986
-0.8561701397797363
0.8553639118012741
-0.6609652157432625
-0.8384138165485855
0.6148856616809999
0.38501427900386154
0.19396649687122547
0.5815171257189775
0.0852148204680448
0.8101130278491012
-0.789587817290981
-0.782771684019899
-0.014274582578876815
0.7143498191022764
1.0763081681379132
0.40812101311201565
0.6169419131010925
0.6573608269343425
-0.8889661280816159
0.8330509927988883
-0.047575805057080284
-0.5241772335987315
-0.1590594149956177
0.44949534234983357
0.037517128271878086
0.8703961881065627
-0.0634111283460701
-0.6832129639711284
-0.05986951266449436
0.03705895967950347
0.2840909066811472
-0.6722581283806093
-0.3774614425631931
0.47757594037592754
-0.07854981788386928
-0.21176219891413095
-0.2105119945514322
0.013814021420828215
0.45469256620003895
-0.6612482415619142
0.10402704445660194
0.7950050064041131
0.5186595790849511
-0.7277306840362633
-0.37263219196792735
0.17280069625798666
0.7712772694018065
-0.28906753636412164
-0.6315738792098586
-0.35649320182808486
-0.8043862852865307
0.15208206099156424
-0.45425138415370814
-1.0701557388503717
-0.5080988815546814
-1.142573449424816
0.7106956595797632
-0.362934357330555
0.6761048480031524
0.15208610607466344
-0.5847687651679396
0.24071525603010113
0.45959224847372604
-0.07373622586896356
0.316013726341286
0.08642936755361297
0.3551965662372457
-0.18729935431004696
-0.5968865390541997
-0.5964630177499857
0.21378004024559671
0.763552793970399
-0.8708792824022227
0.7675909460672619
-0.16241107665781196
-0.9254865211051195
0.20060799030273485
-0.48697345885413124
0.08584186837890018
-0.2605911433868462
0.4259337575871015
0.7693952853579742
0.7903306993647162
-0.7453061363586957
0.8439206503138055
0.2592331950961606
0.7477483859844634
-0.16257924695114123
0.16329556262364087
-1.1967339756465163
-0.5879660934572051
0.4660765241612638
-0.16908161497151003
-0.2788183380231437
-0.9505872599930885
-0.2233618356068232
0.9690961573274768
1.135213271706389
0.41484427012194425
0.4469556164970181
-0.06204770947654148
0.19942078671698726
0.16438707073839892
-0.18539188954830985
-0.29994391934118014
0.7284641830131084
0.09021180729350747
0.425283793996982
0.25677653128562494
-1.0979016642238888
0.5891723069028909
0.4871329702484901
-0.12748360331692865
-0.6907057002678132
0.04917330121474994
-0.05582113679488865
-0.4180953265723659
-0.2940188040187157
0.6189514474876044
0.1977767565887058
0.2612507866699703
0.5195892857333644
-0.9470446468416758
-0.6556413542525122
0.8188495343108122
0.6272229661541504
1.1855743781713135
-0.8895404916446148
1.1306649752976663
1.0717858587368099
0.16859326736161706
-0.7387755645524591
0.8025072882230744
0.7208094444085156
-0.6785511503697197
-0.6262200157538238
0.7209511649546283
1.083065737351224
0.5417484746645644
-0.3449209994088821
-0.9344954783185774
-0.5235194625746475
-0.9011474404048798
-0.8529113562760331
-0.3344393708196502
-0.7503317116790575
-0.10131322568390089
-0.2913172521793012
-0.49540216303364626
0.5288725626532116
0.8255292661955651
0.6835239999304937
0.4897157406857191
0.15484378852695935
-0.35372855174138995
0.14583946318662688
0.2705395596542939
-0.09956453416337752
0.5943877855611005
-0.717885672041164
0.9879388670031708
0.7919153095314817
-0.5371957811073879
0.879949496340759
-0.19234515266736074
-0.1726306666201467
-0.8660222295967646
0.6706965281760486
0.8930836371257314
0.74131495123371
-0.20406810811869674
0.4291999337346014
-0.2311488317673911
-0.6491160454907959
-0.14772500391162452
-0.3867799658208968
-0.03754674341824943
0.37732101925029365
-0.516492563540837
-0.592590876238831
-0.1284770924588653
1.1709223283545358
-0.8528615205659815
0.5005564849328237
0.9355039351510919
1.0136237769793315
-0.4662151824411782
-0.5068375344341822
0.08672620586383073
-0.08324123892133106
-0.44363056591489936
-0.3644891254432412
-0.7245209837665433
-0.3930325596189437
-0.971905101116314
0.9952101085106959
-0.8138898043759624
-0.7771634162990468
0.8987963917593426
-0.2931662286459291
-0.13006366682269532
-0.29290896862868254
0.26581494815937146
0.5154382946592583
0.6020260343942716
0.20194433343458962
0.7898890439960078
-0.5536783858906625
0.38101330100119846
0.3660243460966708
0.6549523737776348
0.0397712603554008
-0.3914084967244398
0.4017650886881753
-0.02777197148738267
0.4669318930183226
-0.27517530487385167
-0.7104612489363444
0.5475485773805655
0.11247720627836122
-0.24658018387837294
0.7044750660568264
0.12769025800697498
-0.7017614397629777
0.3125304262947688
-0.7430439770706976
-0.4775401277748532
0.4192284213095254
-0.7018989518875609
-0.5331655191711262
0.653985385769312
0.7592684421287395
0.2672155624216356
-0.8116001738977635
0.3043353801570202
0.737909697401943
0.6352570250079503
-0.5828925281656355
-0.8910033509275285
-0.19879621742343367
-0.10227286794551191
-0.8417808754797896
-0.8794037095242649
1.1177021277224872
0.8038410181284714
0.5318930982820675
-0.988358028595173
-0.6510836694607998
-0.7594604946897102
-0.24908884777254126
0.7476565043387513
0.7063678634989499
0.020845258828764868
0.08042344454294348
0.9657539407423723
0.27952813848448876
-0.4200609117849945
-0.9543431759015686
