38 3122
0.20930095263374893
-0.9085351379196667
-0.3639739589736958
-1.6670207131112666
-0.9356282072774479
0.3468367767250893
1.5159539601660592
0.9749099386664878
-0.4103888038341163
-0.6673322814765905
0.4974834302912623
1.1202760186479297
-1.404887044320606
0.7764798999226697
-1.3886381912940116
0.44239310674440246
0.5261983596649183
-0.33431704441043053
0.069425583582118
-1.3543683370600943
0.18000562018543964
-0.1640310070854561
-0.8602226530074151
-0.20513816355111575
-0.373009339893112
0.17142645505484805
0.023676591500281757
-0.04696239318695955
0.8235936171279794
1.5617707855386096
-0.23393733692914323
-0.3506066770621249
-1.183966216542398
0.8197992562813823
-0.7693706729652655
0.9459945618224206
-1.3219417781054643
-0.406014580410334
-0.2670343129708928
0.060178022813564436
0.4260178872101274
0.9701531974833593
-0.2185471095437701
0.023748027579106545
-0.158863781338765
-0.6098858564411718
-0.12736679831766418
-0.25434466498464414
0.7954437747621128
0.15110622894196793
0.4657107367420327
0.6338836492359784
0.7665908384053954
1.1864335981148693
-0.4201718769656456
0.6135572610935959
0.057314797416799096
-0.43409899580073685
-0.05864579916099344
-0.5765988347623293
0.5421528631079251
-0.6437907975323554
0.05104268629909928
0.20578736890472094
-0.275029386755737
0.5316735122045483
-0.436630689989052
-1.0168113644959857
-0.18734030441079003
-0.22350883005053612
0.42986850286141265
-0.8915349980302963
0.3741866161019083
0.1584363691516445
-0.8828592537898158
-0.41555144056235427
-0.47815924495233975
0.6056904405205421
-0.08167941304749535
-0.6275134535551901
-0.7053046300497797
-0.54865095519555
-1.0717228101670997
-0.8017598548951709
0.7384765706246886
0.20896136154304082
-0.6072075869691469
0.5400520456078682
-1.382207036928911
0.03463120317904447
0.9700892424924854
-0.04110540344443482
-0.34843090188485526
-0.7867738330054087
-0.08628070763727139
-0.9425053117133606
1.2641818895705714
-0.4642765044562005
-0.4885788080521546
0.5643084972258852
0.2385992250346447
-0.21020529746385216
0.15272196067045984
-0.5072268748682882
0.0243479890890404
-0.6397417533050764
-0.24048234309301691
0.2961155177793936
-0.9115240362344705
0.17060876745727635
-0.688475896686612
0.7612332959209115
-0.7636138348253811
0.21571926223637755
0.7090046094077632
-0.5404281456987597
0.4241319082657093
-0.8088721931624754
0.69500383110149
-0.9720816922006905
0.030005034847417664
-1.1841257732605697
-0.5830512805118916
0.6985739479050954
0.16554688928516184
0.03239197847579503
-0.39360562307654795
0.6873016865850196
0.7462242811899932
0.33264896785210224
0.2536840563983755
-0.23325496886184877
-0.5440772861085444
0.16289503669932087
-0.14471232577109583
1.1276858447542513
0.2707048364589085
0.1292456006447286
-1.253855151997379
0.27548038051752205
0.16763432128968628
0.9081527555709963
-0.09935675716943518
0.8680661644327576
-0.5106835508683437
-0.38871036673997833
0.22877722258825747
-0.20020223257454672
-0.6718467474241249
-0.5315552578714963
0.11609422554647891
0.6504237330239482
-0.35379769253005444
-0.9184060291842553
0.3174074849181613
0.7621013970925513
-1.0547939599666019
