19 3173
-0.24297338180409406
-1.3516369724330073
-0.5293766283074919
-1.6670207131112666
-0.4237937053280433
0.11401832495330105
1.0724828587227715
1.0812912715481713
-0.40178061681528077
-0.5181821352889818
0.7479115804086331
1.0823521296011889
-1.080767898236871
1.2745672145737166
-1.5548466081746066
0.17366432438573953
0.45566930609329875
-0.39326235015237904
0.054194707508342876
-1.560323819444125
0.5970915990548856
-0.3927128433961174
-0.8602226530074151
-0.12871766942404267
-0.6311789499229702
-0.045291698750164804
0.0980068235436829
0.36348460955206063
0.9284306942322474
1.5338584955308452
-0.1988502128921372
-0.753045391149483
-1.4494662149069084
0.7073196379855617
-0.5408521825715238
0.905831692815067
-0.868335523372462
-0.406014580410334
-0.4752514647385455
-0.7632387743372464
-0.1252234947846398
-0.3528834945198148
1.0781208098959385
0.847547789910069
0.5552873770990571
-1.3057377341878333
-0.9669294131727725
0.8966348215544488
-0.9910721484687791
-0.22660338790056883
0.2580188343115696
-0.8319379617597846
-0.6030755387275846
-0.6649676921757679
-0.07253525806084794
0.30973615739233346
0.23465814740488522
-1.297600042600492
0.8243812736363296
2.2389820709581914
-0.2674589931843403
0.078035342945419
0.4054215255741128
0.3499730258911222
-0.22106845587197194
0.6491929910641119
-0.5316722991252469
-1.0371055576318515
0.0707904729403031
-0.033062506225675733
0.8362464258218001
-1.0400936661878095
0.6558036686003251
0.28322409403887355
-0.5192568738715057
-0.7907245769272216
0.5520861967243778
1.2376018771730537
0.4027992340535529
-0.7347027894917828
-0.6351692156750796
-0.9897736635327532
-0.8011773658836886
-1.0012288909759377
0.9140748721617181
0.23218912586739535
-0.3752345496723489
0.3173262494842173
-1.174158286146281
-0.09790731695977584
1.3220053958245677
-0.09196269168909493
-0.7367496447553052
-0.6453301954874952
0.24949025597735555
-0.6462679549808057
1.0608810805978364
-0.4150785864147451
-0.46777360994074235
0.40015430518016865
-0.008423522306985842
0.29925836081601637
0.08800127420151305
-0.6846217231787726
0.41863886427274755
-0.7537692243959516
-0.010480300896695216
0.45717257924701743
-0.8530618044422054
0.19578806185485725
-0.5923109164980782
0.7915368215142777
-0.6589403169610448
0.647553855886462
0.6392916475434507
-0.8828885576775495
0.4378103419999166
-0.9092486408661307
0.6929852457445913
-1.1248829624986334
0.17700441079935209
-1.0822250067729624
-0.44809295324031095
1.0733836304561082
-0.07514954528707868
-0.12184309839563613
-0.5924859864674039
0.2662980826898865
0.8657034592786521
0.4012455859334203
0.4661562481838573
0.2407619465439961
-0.17242047731789892
0.15878780895092148
0.11230939597699663
0.8607359904411245
0.7432092433841638
-0.41729639399342067
-1.146232495826385
0.39244501988130426
0.12827462656164143
1.1769187595007433
-0.03147467926310604
0.8274883216585548
-0.5574330353257066
-0.08309982305572067
1.3927991380040328
-1.1912995710774146
0.02971722875208188
0.809445160245923
1.1021087652753756
-0.4898256091738923
-0.2797293958664681
0.854281864572493
-1.2998029259133033
-1.2000836802514796
-0.41016232507282
