1 1033
-0.9198173481033478
0.028590071413923418
0.6959064172340204
0.25446661351031274
0.16602763671300944
-0.3402582434634682
1.4994810284525295
0.3364841299288272
0.29394654135778336
-1.0100362358952257
0.5193591098822622
-0.9766742145248756
-0.7473416402316974
1.3537312851509653
0.8629252565796228
-0.7771652130162279
1.3190314415486215
0.5540106298781571
0.9284120199884788
-0.3050295122450299
0.06193403145607118
-1.1124972435652192
1.021977233988434
0.25173870467220427
0.34423242506441754
-0.9040597884019808
-0.7680936731993391
-0.7023459162247805
0.723918457089682
0.23268642078404708
0.24809792481915788
0.36837706210316
-0.4525977022506049
-0.6393479760167482
-0.21515605189195963
0.5842352841702493
-0.8984210909101538
-0.5526514604517927
-0.009631449159598807
-0.5545718120655939
-1.499761032070689
-0.517700842723414
-0.5944732405650014
-0.8044845112249428
-0.5941393172174986
-0.7979349406082801
0.6337765516452458
0.4550876695048787
-0.09082769174350264
0.492918777780194
-0.3491548326264056
-0.6927576690147812
0.6063834402962578
-1.5343923847960697
-0.18763059470944604
0.9520560392859168
-0.394376680029471
-0.351367601011891
0.5897061367640721
0.22877580518871954
0.2296930260813531
0.3687927162173732
0.38835167228830225
0.8496717042343033
0.57706298280519
-1.4330478768737462
0.4863522785417163
-0.7172688248539696
0.1482567204910446
-0.197016592849558
0.5039849231097067
-0.17003899568438338
-0.11686201948585015
-1.25901758626733
-0.9131309424921517
0.4334028585844056
-0.6548997347691837
-0.7104361241423107
-0.736099331834069
0.410785608141851
0.884186035391834
-1.4089880296800368
-0.19891548770437348
0.15508732287624463
0.21091380861243497
0.059126240659743895
0.20658748879106092
0.591554364787038
-0.7704802218350713
-0.0161801009147636
0.4460491137233713
-1.3284413117786906
-0.635223213043262
-1.904944289764285
0.03174737500840552
0.13075985450750463
-0.11203248462733353
0.527095077482163
0.2971823187293362
1.1139584335572847
0.5633055950754378
-0.2782287436905516
0.29953777073152715
0.3236777188757455
0.2507820378696243
-0.908195218053098
-0.6822456106975301
0.4973508791059652
-0.3674853514202098
-0.9324943087178412
-0.2278333204351849
-0.03351647142416539
0.6174524038980879
-0.5599514626711722
-0.0813185584811357
0.15401489839827595
-0.9363627527126877
0.6913050793334548
-0.8113688520935773
0.9940434191131264
0.08410625684354817
-0.5697090003468157
0.003668653737080408
0.8589807979649478
0.9891649108925386
0.5483819215205482
8.242542885056672E-4
1.045072323234905
-0.10176208552922619
0.555681031436924
-0.8871610181302745
-0.4349238027390666
-0.031188244787524716
1.0122770558952123
0.5141646424532458
0.3732241912491818
0.01786272175935358
0.860956662388232
-0.9629027427006267
0.5087204811335647
-0.07012664749384541
0.6965210972088772
-0.2383967751315118
-0.8058063805215816
1.5371454524909611
0.14073020320137258
0.037256463401572626
0.3679512537213005
-0.1571990892087629
-0.05780005860025719
-0.8602999391661403
0.8861912642775509
1.5822543829068174
0.2891610608346784
-0.06545244514525736
-0.7352095043926536
1.0492889449695015
