bobot7 11
-0.18945527804611434
-0.7809222553252064
-0.7805313897301418
-0.2700988558708987
-0.9792479011534796
0.35435711649796536
-0.6378537830177774
-0.5696479643522391
0.331613194619637
-0.5925236443467041
0.1923472018159702
-0.316197124837954
0.8326240711654328
-0.879922155488108
-0.29006259238646226
0.5695208943246899
-0.8730125073545913
0.2598853229478481
-0.11114970640681215
-0.7609995594372398
0.5153184273260061
0.4536116956841363
-0.9078521388325732
-0.392258266130566
0.9085104442965775
-0.5791374208588443
0.4484372625335333
-0.8400706438338064
-0.6114128083716347
0.806693208590409
-0.3174439489863529
-0.6609128591493998
-0.4637340058062721
-0.005006883206015375
1.186312784906268
-0.6864612041222062
0.2065321716197433
-1.419179026201536
0.7210791255266416
0.8622479146708143
0.6573344035130466
-0.2254653250518157
0.5559360310092138
-1.1241434716506202
0.5226533626233315
0.156069819322617
-0.48894403713903656
-0.6177064259156908
-0.1337578184774799
-0.0137679027219271
-0.4414799523876863
0.8828525937506324
0.03812527674307811
0.6430569071376923
-0.20596411243768903
0.44734551511750453
-0.11370342970694655
0.06381365195887059
-0.1700647430002454
-0.9572050001821336
1.0294267688091532
0.43052879882294803
0.4658695909394164
-1.1115670021484099
-0.8142320411117123
-0.6681974851683496
-1.0699756887337697
1.0300856153975626
0.34891025599738346
-0.40214500635289463
0.3686080900812603
-0.6102646494776821
0.03737786802955375
-0.17258796806056864
0.5120082880109298
-0.24195662162305306
-0.4073750200730386
-0.46915663295855004
-0.977607742515155
1.1232501660848
-0.4258029766077697
0.292545019479645
-0.9517619356107108
-0.5805464823358336
-0.24002221372928062
0.8065265957806502
0.5338771227485448
0.23536893688306548
0.04764674217730258
0.6878650120514495
0.2093285795531617
-0.9877149221611278
0.28784115722301284
-0.29229201724052756
0.7049953050184242
-0.47597126203230644
0.21245250562698983
0.7072544076987755
1.3006412167167425
-0.7911369596683071
-0.5756645900753985
-1.0049560586915123
-0.2877877641702189
0.04049769476483566
-0.9941664114973954
-0.8392111809027103
-0.9232066248790061
-0.5690768282517287
-1.170562119812363
0.6240863784280509
-0.6652165778987398
-0.03757610324343871
0.052979660418441904
0.1350930079515274
0.0687725061077718
-0.7696581308743369
0.7013530619988251
-0.6143188541518181
-0.1694004436073841
0.29829138362775276
-1.072557155514435
-0.5986465699996899
0.5857071562663281
0.44711575256003383
-0.06430152846602391
0.045884240147055444
-1.1218664522848858
-0.718829278086692
0.4958642736350407
0.339684699975114
-0.5515650938035569
-0.5645076593281884
0.4734506639252896
-0.6673229246471863
-0.26310105632027875
0.7668766953972754
-0.8642185729285817
0.9990506891719755
-0.5615683621609106
-0.5364187974580533
0.6643179490670885
0.5385791973957141
-1.0460989789944215
0.27054155409469755
0.6140884097358656
-0.6932526654131501
0.6307452667764617
0.3771144495678904
-0.97894174365881
0.007297316830168654
0.0410371692147629
0.37672620539211643
0.05297765333274754
0.5058373023579739
-0.36775883872357573
-0.29205391362002664
