42 3296
-0.17239185011854571
-0.6651085180902294
0.12052291534631593
-1.5730983411363848
-0.9693264609371823
-0.007911356027653443
1.3363433594438336
1.04458883407377
-0.6520430478887429
-0.908387761218599
0.7704463896967287
0.7479886556360151
-1.2743862815432778
0.5359745195157183
-1.3147848648002871
0.3858491990440889
0.2890441931059668
-0.5850301291009824
-0.013866377431257737
-1.162717802638497
0.2429554675151389
0.24026752399526902
-1.1010013067390545
0.07389621023182028
-0.4825661084705606
0.00591190149878959
-0.6145615479423048
0.10529026445211351
0.919996599038839
1.4354914349324241
-0.3678651294370275
-0.39614281383264954
-1.0721301112248864
0.7435789849414318
-1.0473572705198704
0.7569151869849309
-0.7132636351450221
-0.175985202803014
0.14073789282691318
-0.19923752354691313
0.3759898530814687
0.810173219000503
-0.1365428689565244
-0.09899058155991722
0.09659205952230077
-0.9051257631333599
-0.3969494703166649
-0.07493166839519527
1.2901060933879314
-0.19164343365333028
0.6527737564201035
0.07918889115479999
0.8848025990898912
1.0459629540140476
-0.0452364260627372
0.4950483665352315
0.4062155141738552
-0.5883918562222082
0.16172273206884058
-0.9455364790807544
0.36478503305932064
-0.4258863293912557
0.12860547006055703
0.0010418818488105719
-0.05935571116953732
0.7825543241775972
-0.5620934110643504
-0.6417385502845373
-0.04948525236750241
0.27680872245435045
0.6349178008999159
-1.0400936661878095
0.8720297518506603
0.28322409403887355
-0.7526500831393053
-0.7743750623344087
0.8075249187048428
1.1617406026288544
0.4027992340535529
-0.2800061016861789
-0.7335350112066975
-0.8011400907217363
-0.7452057191326918
-0.6231484050056818
0.7570527189777551
0.2615093900927512
-0.4899612084620892
0.7283547938931875
-1.174158286146281
0.11701897198298071
1.4822205648987763
-0.006927697373737968
-0.5256913745209255
-0.191652030747199
0.04538105761634509
-0.9849198332930866
-0.7829713697505507
-0.5123588064710589
2.0356966918151547
-0.0391711333859393
0.35138876484942916
-0.7104846918007881
0.663225724938248
0.36299847510468297
0.3933450427677888
0.33322290658327525
0.5163389666624023
-0.07635123356534851
0.05932935603636949
-0.5787164858080663
0.5383299774699408
-0.4648015998005757
1.9864086257688967
-0.9242627211480985
-0.6086230335892899
0.3118667928009098
-0.6407218579968141
0.013129593659658545
-0.5793917674878134
-0.20975825123250202
0.4640230828773265
-0.2626449425294548
-1.0322850925973213
0.3384993869298106
0.3001878469412928
-0.40342427367852873
0.5311026785534527
-1.11640501046198
0.384878282344991
-1.064496930738118
0.03580882137691155
-0.02733327290664117
0.3469864485269204
0.7857300056964436
0.6228031127987789
1.102209833627003
0.787331387916272
0.1448413435135375
-1.7620155702099343
-1.2083029431757635
0.3528598723439609
-0.4450492990421312
-1.2074479050092353
0.47588536107148377
-0.30570088644183774
-0.7744589488098335
0.6349707053004243
-0.47265586868101717
0.3942428226187277
0.6880049072339118
0.08136214231349755
1.048451168103274
-0.5424760285834249
1.1668549889877144
-0.7079797582579435
-1.1934951280996264
-0.11697587505682297
