Type2-1 731
-0.41759275478004
1.284287472528737
1.2076572135816614
0.4215721901531401
-0.8168870156170323
0.3673270622363641
0.5078367783524309
1.0936706755529095
0.9343117541632002
-0.6461551983470389
0.7360963923960515
-0.10151748082428622
0.23414066503666636
-0.4673022173980768
-0.03767371698555533
0.48740819035901795
-0.6130500636898993
1.875047324328372
0.6935999002906625
0.4117606235337996
-0.5841683019964111
0.5591667485647243
0.6877182051368972
0.4934837425154742
-0.5007867326613407
-1.4145874514273322
-0.6879807686638533
0.1328778081759144
0.0221113287279541
0.8743460855932806
0.37117145477605734
0.5047195463973069
0.27882918352987884
-0.36462079614148496
0.5394482020427861
-0.11535931380445735
0.3111403693444262
0.42495250256675166
-0.7362276733862255
-0.6641821329321731
0.8906831397085396
0.1572036823466316
0.5832436678326982
0.3449126786917771
0.3904904314465618
-0.2023475348395564
0.6333480004257904
0.3214066017194666
-0.6279456922404568
0.602430201289501
-0.28677909690732617
-0.6171781210504411
0.4076070868116832
-0.4713118944728808
-0.8264209550324263
1.138590414312845
-0.27689869900774355
0.36710527225280587
0.3903823680319161
0.1905375261146662
0.6723451766836366
-0.40789118558744764
-1.0553379730951191
0.8214869208428773
1.0491158068339568
0.0787005755120655
0.6734269713690307
-0.7851291518303068
-0.530347477805298
0.15617237924350774
1.0962101943665292
-0.04443347870989989
1.1105750143134914
0.3050359177954464
-0.8520485977712341
-0.4595482558103267
-0.7254534474316204
0.7719350144213026
-0.321847427622118
-0.3824619084812738
-0.6415864237022614
-0.1441322818898952
-0.27090069888534907
-1.202527866801098
0.1357457918783216
0.31719962544723945
0.5463097194260935
-0.6385763378451448
0.547452484975908
-0.5928003370308098
-0.14595443167874714
-1.015609687299758
0.33019884640010055
0.35364383703421265
-0.8964130540200783
-0.20350421825420537
-1.465916510098184
0.34649850565146806
1.1826989973794242
0.41391692847249795
1.6233507446517854
0.9534636834790586
-0.08663122019855193
-0.09659127275061824
-1.2366379000104755
0.8367978734570878
0.6180424019513472
1.02464576956448
0.23485587000563446
-0.8138432349704929
0.07885422712938789
-0.3602720995015596
-0.18073405348277263
1.0099627368583208
0.9941716307284442
1.505371988654597
0.07315171784891249
0.05103821274154467
0.38203541307122085
-0.05001172048856162
0.646097811441727
-0.5814088901074972
0.5140709070189641
1.3534519019100169
1.5002190874944032
1.6474094294053327
-0.9379598027854184
0.666141304104615
-0.23084433857741354
-0.13382475303512945
-1.44933311893466
1.6580308723933617
0.2550838094532548
-0.004306465103668694
1.2431433271549537
-0.626580397846338
-1.5529070913558338
0.012948711886915154
-0.8262319070398535
0.1356252473082271
-0.35611321045380906
0.5507585291084732
-0.5459710306993666
0.6340312295056811
0.8728229983612299
-0.011591103297878123
-0.6855823156482516
-0.4829218192436801
0.7050222834606401
-0.7873426136255222
0.007573441465490563
-0.6605770358510973
-1.4337193711138405
1.4613127076605863
0.14734127710820893
-0.47228994036719896
1.1726401589504118
0.8278500072090963
0.3031841771168565
1.388298428234613
-0.6583601182458314
1.3530306372916687
0.5203015234587814
-0.315277802582545
-2.241026164843713
-0.6654675432390466
0.806625946242711
0.20112393872193632
0.6594406464187152
-0.45739999387172586
-0.04273695589144472
0.912619714219352
-1.0328422623328657
0.2759012814315509
0.7480293828647813
-0.691524577259994
0.02379380386118496
-0.4615867805666596
-1.7731532960543754
-1.144729393815107
-0.44053098711042354
-0.8820435820269108
-0.6460029392559448
1.3212730136244923
-0.7276612437871349
0.017093789313579848
0.5065956475120424
0.43093294132896054
0.4883873442540387
0.051389964710420594
-0.9433005531171201
1.0084592926156801
-0.08275109704270059
0.8663365811249464
-0.5623421895274086
0.21289913409918534
-0.49530031802850566
1.5552165380698622
-0.13701013222980754
-0.004767956093780806
-0.49235270601221504
-0.08701846600187925
-1.1309504322584933
-0.6505217451656156
-0.8101760658115852
0.48127192387846207
-0.16427170874502992
-0.5622797668412828
0.9888793946775631
1.4477039089460098
-0.760504624279468
0.7340061329044428
-0.3974793143813284
0.16814955741491255
0.6433002888518431
0.04126496989266901
0.0982428790045287
0.6323629387790275
0.2960537833300658
0.6611593443321488
-0.4116303268418345
-0.9396043229343662
-1.0445056385199822
0.13006477571459923
-0.6087826685558061
-0.05838718407713765
-0.42332725843089425
0.7497612178605891
-1.1901118991129356
-0.8065880225940019
0.7217879884461993
0.3639960452071104
-1.2848561258992954
0.2707257650133409
-0.5790368429646933
-0.5633693682920717
0.5192398102458919
0.677620858801478
-0.3979760408926211
-0.6794905660197637
-0.8988379051659199
-0.8066853060419978
-1.160482939751736
1.5722551346087337
0.16066337541244846
0.8105687809845539
0.4070018480829132
-0.5720653880234177
-0.9386931136251031
-0.6323081377069706
0.5047210654477782
1.2839962669854779
0.21395592355414414
-0.45888025116527886
-1.0772144246069684
0.4630848802016418
0.864573759655513
0.9757632766415287
-0.6983957217939422
-0.6589819790364411
0.900482736869517
0.6819329916933667
0.6516468026969181
-0.7240525031612596
0.6163930691533691
-1.3730313068893965
-0.4259759154514805
-1.0980991013096477
0.8007113339113827
-0.4425685242512248
0.559066372041019
-0.8254903848636523
0.7245007953386423
0.0698055694074593
1.2212873237370412
0.9229044777126836
-0.008199110813658927
-0.09539273117984814
0.5825501486679756
0.5604268235964739
1.154509340606115
0.8935744607775306
-0.04391094666747919
0.07369730744673766
0.05379058435456682
-0.24863466007736576
-0.7153490580264689
-0.3532730940034528
1.4351325660708827
0.5313016316918551
-0.43254930957739535
0.19993162224890876
-0.4473871579413178
-0.7665228539822172
0.6230176225379818
0.1874211783673313
-0.375491768976126
-0.7732516530178604
0.02848207889704149
0.8178641759728684
-0.8885546147547265
-0.8490722830546179
-0.2671862934350593
-0.2259142157840379
-1.4467348592678884
-0.08912910600555073
0.2045673658014316
0.2089841191372938
-0.282623191403181
0.003448994801676958
-0.8264290262462721
-0.5343468933332344
0.8261605768792116
0.16885067058013692
-0.04809625753875846
-1.001990898333867
-0.517683619136603
-0.47310027475124183
-0.41792759839186094
-1.021995306500727
-0.47805068586859295
0.8036737573269358
0.9646556748295695
1.3373991760466928
-0.7419279404629107
0.3792618755107839
0.8782114122928534
0.1763428261081429
-1.0860699063096586
-0.10468903087913331
0.3297916459492834
-0.4714425766332384
-0.9237005258988631
-0.882605794610854
0.6595722724373031
0.07750456788444222
0.056531830968149066
-0.882310502039312
-1.006903446913206
0.32719941131858493
-0.18431746015068026
0.44608947010762257
0.8782858345726436
-0.4965264743120067
-0.4356809240163068
0.8042740215148159
-0.6626003999100216
1.1119322503372213
0.3769422306342598
0.6765250981887373
1.484698547690206
-0.7100007761741233
0.2739149246932603
-0.2888292206706321
1.1699179869447256
0.8376243661287972
0.8995291578905447
0.42142986263004123
0.10474004557194298
-0.2518033429626104
-0.15568246115374165
1.3859944840748242
-0.40205336137611114
-0.8159371553874425
0.9153397609705562
-0.8332167138214797
0.8136082482754196
-1.2113560196140476
-0.3694705918199476
0.9320111721282391
0.4434812750856535
0.2554572142408565
0.9379129128480059
-0.6625692739693583
0.2920537331644265
-0.4040684027699909
0.5152393830779517
-0.39947483461491184
-1.0432695527698994
-0.5701997170562045
-1.3036416622191322
-0.9124848148821185
0.31363189285296444
0.33990318002321407
1.1551391899521106
-0.41764893597537434
-0.18845960341009024
-0.8009863702358658
-0.33982628464839976
-0.32536459922534133
0.30413500118778736
-0.5381954772073622
-0.2449641251075655
-0.41359313883045135
-0.4545892060300545
0.11116561653550686
0.2457523807974424
-0.5304569902989489
0.3296038381661285
-0.6768838824529063
1.4587836214137646
-0.515656964981341
-0.009083947215026728
-0.9648627761600295
1.707265310666623
1.232393973993922
-0.1955792388582918
-0.6548363792698277
-1.13164599082696
0.3462662412095158
-0.6062735351036381
0.6441142194175618
-1.0520948979156173
0.44817815657740706
0.3637119386716872
0.3330991178182553
1.1039022075601839
0.5719029127419695
1.0988814323399296
-0.5414958911539205
-1.2848135387348474
-0.17528734722534187
-0.3404801935823565
-1.4720527537479517
0.00963651295368119
0.7562386471745322
0.27772375831357815
-1.3263020079847219
0.5114479210455198
0.9805706195067448
-0.11375233829007586
-0.6761679707124199
0.18384723665862035
-0.3858933679759563
0.5595505877702016
-1.5345313636592435
-1.5621033987055588
0.8183327569912802
-1.027382429972135
-0.4122611785355376
0.9989533601385495
1.0700217360828563
1.6525652819575276
-1.1646179830984194
-0.5550427674860339
0.19905876631921557
0.48423683248470706
1.2278039803581076
0.06531241626348977
-0.2357515404360835
0.03143320906695013
0.9419250799459541
-0.32995279521833304
-1.004976426706017
0.11145362287851707
0.1471538945197544
-0.10815707400982053
-0.5440678158598218
0.6611437452291494
0.8470864793919127
0.5844248028457688
-0.7858925933615477
0.04611441215305273
-1.0668721750268273
-0.4016563320314076
-1.6490611035573157
-0.08675743134854264
0.6543914226423238
0.133195837791592
0.4001888202941957
-1.6197747448913284
0.2596061880994758
0.5022763690626505
-0.8261864364961835
0.8012242721909412
0.03212494252414694
0.18549193158426588
-0.1283653492569063
-0.5466685631423782
0.6328055114925505
-1.3305468107290297
0.35688106884360815
-0.37739242644767834
0.3859146697077448
-1.455477368721784
0.7624627302662138
0.3497862924500404
1.1557365239976676
1.2360224030582314
0.008382928771802148
-0.19627281638176258
0.6477548005620948
1.3875109789314894
0.36346247228597717
0.5957635681579903
1.2440303910241313
-1.1042765853502234
0.16158010651455829
0.3584007871353049
0.3624448332261764
0.042375843815772404
-0.7673822217643371
0.25076627974077526
-0.2081903346817115
-1.3693288011768234
0.8517410628200441
0.7497793130490573
0.37185483189320645
-0.17378639081113523
-0.3697542715340262
0.4736608299561792
0.7346730835922818
0.3420943780187703
1.3609083668074402
-0.7585344180995447
-0.22530979957674327
0.3104058704835071
-0.5840604775061035
0.47156647994458595
-1.011186739361541
1.5756363559059388
0.7834486692592864
0.6041979137080766
-0.7905387850156513
0.8416676828728364
-0.01558202443859516
1.2085494036189663
-0.2735518651562311
-0.21516807184057213
0.6025955775526438
-1.3503832321035218
0.03019238128014398
-0.5555965378192009
0.22076255627994285
0.15424394077184864
1.8265196443096106
-0.3459910026586661
0.1407685181487851
-0.22302153963858098
-0.03897600591890765
-0.38905435801751587
-0.2931517807853181
1.112650057677307
0.06482853987844753
0.02802442027222897
-0.03656571942145598
-0.8006457875752407
-0.31892756223326524
-0.4560450983115019
-1.2537353973231586
-0.07480715351411106
0.8889034232385729
0.7447608892676245
0.6493269102787171
0.985537102853294
0.538774685103661
0.17614639769643173
0.37322418902836674
-1.0703808219479272
0.6205856999997484
0.8267954542463233
-0.6337509597926813
-1.9150331062858916
-0.3298760379600455
0.4767360050564713
1.2025708909163275
0.19188536211336527
1.3329644785331616
1.7582991222026105
-0.5598799596055918
0.014946652715314063
0.7480978380789671
-0.140240860587113
-0.8266519220648639
0.24389586416006542
1.6409119179919818
-0.06267010801509419
-1.235518450883464
0.7770797373196492
1.0988477893129323
0.5531285198063977
0.8888576634299423
1.248967092940391
-0.7990654170368704
0.04106751365512337
-0.026631646478915957
-1.2243729834179884
-1.011355675975355
0.09037538448550825
-1.059316446832506
0.5385325903857727
0.19930451407175323
0.17063236502750637
-0.801449292817465
0.9928260897654662
0.3434312913314304
0.11815793752389821
0.30649926241593817
0.42192407107901775
0.8918166569439141
0.5868739900047839
-0.24666257488023527
0.48706212226639567
-0.494865294587218
-1.4032044300958226
-0.4444367501511227
-0.4174864939887537
-0.78170690904258
1.0270986042432837
0.7431940636380534
0.21123906326381783
-0.1036256014163615
-0.3889190947062077
0.23330783147932246
1.8405060081060316
0.13276489058943491
-0.33940890111315974
-0.727492220210692
-0.5283676604282107
0.8335063202023365
0.25087160098387784
-0.47239050277995165
-0.9593829673870997
-0.15466328671297402
-0.08457677819159551
