maurice8 786
0.716875574415639
0.37305985225289306
1.653359243044239
-1.6052891067316102
0.3034742726760734
-0.13360723054179854
-0.6544422671227134
-0.9375722959463397
-1.3325160375849932
0.4944508103202234
1.0615119200064473
0.5456842356041272
-0.002492315019261976
-0.26606354221849804
0.7267323903293098
0.03335904227437166
0.38873521892575313
-0.9801317609451992
1.0662513903260833
-0.3280792768187509
-0.5236827964917721
-1.439146572460971
0.07274312885607905
-0.6604096669289035
0.5422311512361411
-1.611887548709257
-0.9461352818483701
0.5261611987241805
0.8684484244324906
-1.161990997930745
0.2542843383396979
0.18513140089622793
-0.678391351777148
0.7542983457956819
-0.6513526228783143
0.19229523182581745
1.0520960825794146
1.6189656568955573
0.08712752138385765
-1.070511651090039
-0.4072051663828703
0.41961524267166783
-0.7589225657389177
0.7422859798434771
0.6971656049216343
0.9185817100533523
-1.6173142544938932
0.5221943865914564
-0.5677159185895321
-0.032242739797296485
-1.0227704589046303
1.6804881009889447
-0.07965342236858107
-0.4717915176434611
0.7139103030432236
-0.1280306444328429
0.2374327647228328
0.6593227524738309
0.9710214648438016
0.3234385344212652
0.08822151488222696
-0.671980076152096
-0.9924325821679814
-0.38629335676175136
0.16362975570420885
-1.0270359460495733
-0.8144039010596094
0.7343597484115915
0.14117178127566313
0.043715498870523326
-1.5246709401237306
-1.083988793471449
0.34203444454646303
0.4485553437445349
-1.6308344826574828
-0.23230097016325874
-0.12373588721774581
0.7162026264958254
-0.7054271521330503
0.2727436394330613
-0.6252458409488375
-0.06668884930526563
-0.40711251820320415
-1.5196952919347682
-0.4205416962999388
0.8533623493009554
0.9150394900316776
-0.7037888227585934
0.990605949588552
0.3629151059935084
1.7181183529199344
-1.1244163428336202
-0.6226698636530132
-0.07511650823399363
0.21805213104647697
0.39539660720134934
0.049062749931364835
-0.4240865475988161
0.6604147161081086
-1.3269228068489005
0.9649798420778858
-1.3075813012900641
-0.19008788207074748
0.22591040797652404
-0.830544550275686
-1.1276346966286255
0.09727996051746812
-0.1421508300975901
-1.3179566275974022
0.7415913831001886
-0.7476503017650854
0.2637324727589986
0.6666674073772518
-0.42158407602595216
-0.16214273932201342
-0.7848134634843678
0.1173086582880693
0.8958694477197946
0.8692354037848073
-0.032244178024316866
-0.2579032677616414
-1.232949868712848
1.536125237044477
-1.1177821751056092
-0.06910596926903978
-0.02854020685720511
-0.23453194019736778
-1.3914511041280964
0.9064980731466454
0.4727453885896845
0.17951789626887313
0.06448839899160884
1.1494928686586046
-1.1676696017285226
-0.48073135620461316
-1.5762916823267958
0.5095607128584012
0.01694455339752457
0.3924251422080439
-0.4634388882679083
-0.7827210911639076
0.3196860886181025
1.623679252057037
0.01697617195813994
1.0408687270945856
0.17987534130274144
0.3515075513537514
0.7270133434573904
-0.6552504877410945
-0.6706411816847733
0.8882533919797657
0.06899721185430582
0.529664805861503
0.30465179706291623
1.032918846018033
-0.12625120308372836
