robob9 0
-0.8403101619111719
0.9560838139027161
-0.11079196781009193
0.3789118539433194
0.07778488758824209
0.6174734304296086
-0.4237301946640204
-0.13201109626592822
0.9582547501191998
-0.22003200428983627
0.8590532694704538
-0.8404364674155125
0.4560941459429402
-0.26947401237924096
-0.8558715699287212
-0.7399467137299249
0.34220085342357254
0.024377473899028335
-0.6122228526483073
0.7321883372785993
-0.7463005125899356
0.4730367878430417
0.523968271231247
-0.37598100881056973
-0.1258315720340022
-0.1761093153361475
0.942383853655347
-0.2168664619338765
0.6986157812367912
0.7964629492016446
0.5082558494435854
-0.9028374487154971
-0.6474959237482765
0.6580331562056663
0.9614776699460588
0.5004744657923819
-0.1889240235752061
0.1013661429401913
-0.5593437392421272
0.9482960243792831
0.8046861919673343
0.8298867304783129
-0.6515251992876308
0.9833178183578863
-0.8022009375624137
-0.03928819848037479
0.8079387171577228
0.00617437689038125
0.1937629139146939
-0.8764685174904652
-0.4452192529040542
-0.08998343964161326
-0.15557350179686957
-0.0365929550081201
0.269504155721068
0.3507206128142406
0.5331154495256685
-0.35186656886861933
0.073246297583198
0.5981085208846142
0.8514402209413894
-0.06410893602188494
0.19484753063199722
-0.35011934767228703
-0.3951409661535843
-0.6235098410715718
0.6622142618496805
0.08879077189995899
-0.4411253316563202
0.2995892016167925
0.27926714147725984
0.0249208955117175
-0.022805964250809607
0.3858467348838064
0.12046952843310299
-0.6112571096561348
0.005135433895188779
0.8220441598669903
-0.6918665220795857
-0.17301995674855064
-0.483980150210517
-0.6912048248813984
0.9334047065357989
-0.49788867951036564
0.16523622890828604
0.5195361536775163
-0.3599699913074623
-0.7923110696132736
-0.9138761678533027
-0.9979312823824575
0.6107145733824033
0.38546726915216745
0.9137680078543766
-0.030994844714848035
0.4790791251493758
0.8666700474740683
0.6372582617928928
-0.05895527251816457
0.03593085727669054
0.4585508420126536
0.15791176664915185
-0.21291290314392164
0.5067641623165657
-0.14127084977157178
-0.6295829362128407
-0.652232297682863
-0.35188931790854494
0.8036137791499294
0.08580754427563497
-0.46592293057431955
0.943562004073838
0.843552138023451
0.1796254993575639
0.5603054939429659
0.7759905162597673
0.6861732149234585
-0.02440726817586958
-0.19936850934108685
0.6106971804986676
-0.3392808614178191
-0.935445067802734
-0.3487490538115692
-0.05508106289967163
-0.47001062835938345
-0.4895783618118137
0.7350224134968759
-0.9376694515900337
0.6128486375103881
0.7092755329100393
0.8031815434199425
0.4768795022022916
0.9790790012056187
0.044779103571290335
0.7687558439036495
0.3584952363704703
-0.6603164548990508
-0.07754122228795057
0.4488897016994591
0.2039176496498818
-0.8204222624974771
-0.23259957703220246
-0.20163328176159712
0.54909215542687
-0.3340672009793253
-0.8656570241458406
0.6841957160736403
0.6152829337133456
-0.08573657297061921
-0.7938897037329957
-0.4187965931553812
0.439257384317306
-0.6943202156395902
0.6457738457843878
0.9611567260493679
-0.741400063358729
-0.27744683159770367
