maurice5 31182
-1.3311236017064614
1.7114433200062156
-0.4876448625185107
-1.9869158985377764
1.9131192434308746
0.27551641082784717
-2.1336105430660828
-1.121609305013819
-2.4472643099701274
-1.198770321772693
-1.4926075895213629
-2.158966373187656
-0.9020188118620487
1.0791844297272888
-0.7956521680603731
-2.7808782990634304
-0.2500051144432829
-0.11634292847877123
1.9259655292313913
-0.8077837554484684
0.16385731162229766
-0.6445078854977171
-2.3267316364918313
-0.7975518112357891
-2.8770095095722295
0.3402017025656175
-0.5350750294317307
-0.7311218681975331
0.6446089174966838
0.9674663222185761
1.8903881630219468
1.7760131092895963
-0.5434382041327204
0.9034353807881866
-0.9258130500140698
-0.4159972291134135
0.9107504733854077
-0.49763665879996877
0.795475185049328
-0.17035651021799902
1.437976097049242
-0.902394480020962
0.581938616066631
-0.11862236071386305
2.4754761338013505
-0.47449936807563353
-2.4717075086969618
2.2668597377792747
-1.392043781735838
1.841781062480308
0.15824192235114057
0.624513930249787
-1.4148443755012108
-0.28393881445965335
1.4383820350742544
-1.6210217104248152
-3.2689113656968325
1.6134525429693722
-1.9455136794357668
0.8702097333183656
0.501686568180273
0.7556892975298378
3.825512480314189
-1.0368538897966149
-1.176663560622646
1.8017771448335396
-0.4625731217075164
0.455908532849619
0.5660451519976512
-1.5011050738663003
-0.2336241190848824
-1.4849441511561443
1.2503150304742818
0.5203951907848032
-0.45901321938344875
-0.8943253325573906
-0.30523593107173264
-1.1699382753932128
-0.3173388979549385
-0.3818261738712217
-0.489298514005321
-1.7870437731532989
-0.1176913339789652
-0.7239117191272317
-0.6590811692136123
-0.520790767563309
-0.7891068553245991
-1.3398222338765595
0.017982932768000226
1.608022679949782
0.349498296885675
-0.7375205329778914
-0.282390088614575
0.36983321752951004
-0.26030968872383514
-0.9555324453192646
-0.7670035664743946
0.615272394267322
0.4658944240447811
-1.5200874690048607
-0.6016348386470417
1.2925889478346093
1.1310167799505195
1.3174395431198798
-1.3719251118429585
0.17368487681314254
-0.9515072966159284
0.5013865359154017
0.7355530542799052
0.29188346762002293
-0.3063425081080082
-0.4693590032820078
-1.028131314850895
0.7635418526955294
-0.298812415166021
1.9620338843948306
0.1260308433607858
-1.610381638388402
-1.880763188713122
-0.5051260076429862
1.0994635932203753
0.5006077736350745
-0.986190684041488
-0.9176560351930333
-1.1324282774678633
0.836876468228013
1.4103435143345566
3.1271748558771297
-0.5865267153457452
-0.6540731545537243
1.1242561169002456
-1.6479369655274712
0.7504025608688596
0.06394075939572014
-0.43799831658070165
-0.9198800118144681
-1.088696625806491
0.24431584511725402
-2.1196078796265874
1.6143084705142217
0.6033495984796473
0.11045353677782661
1.2427888355738195
-0.5428782775726544
0.2511275786691759
0.00501523190538573
-1.2964085925960183
0.21511401534735344
-0.15202046180422724
-1.2249632462652689
1.8201081455865675
-1.1751673247103285
-0.41624590131926276
-1.0603314988786976
-0.37688841523476363
-0.11650350785040169
