31 5080
-1.4888180382580534
-0.12673196382647967
0.8466244666639536
0.03662129097891895
-0.22341679786179613
0.26755091185132807
1.444204931516316
0.863354608210236
1.492509924614655
-0.03790193363034344
-0.5948142761587136
0.36114375369043666
-0.7825498969969894
0.6582603836551083
0.7987813225933827
-1.996099305998356
1.1936181867165472
0.6136458750011489
2.263052425889457
0.20335601389033148
0.7614178941263029
-1.7866360536338062
0.17128733290154935
0.7674244930326519
0.18015872275808736
-0.6951578511573979
-1.0471362242948343
-1.6995616804009164
0.3245139788176904
0.37282087086312804
0.49150282697337977
0.29501421473312434
-0.4809530788660141
-1.042870669507679
-0.06037403400366548
0.422113339192447
-1.4084522781586772
-0.7615050646328544
-0.6525841182707084
-0.5541840678349266
-1.3967154692743238
-1.2477600471343617
-0.2973469452840975
-0.18106898515851358
-0.32397296807192777
0.19822691123165603
0.11224061965359056
-0.5375060486886883
-0.1252431101390428
0.08230430025616495
1.9209679110494282
-1.1820714509000425
-0.2993625600118702
-1.3930819155619678
-0.1435069276354895
-0.47081449545852805
-0.9202761777542012
-0.0029359289977959682
0.9024092326108508
0.11153501749731981
0.3761115274732858
-0.463930153591463
-0.5720089526424508
0.6126239577073572
-1.500517262066072
-0.3194483311400363
0.6211044879205229
0.43740837566207497
-0.2304483861118141
-0.3718556546963512
1.2069080217369217
1.1443910184506307
-0.4504379048628695
-0.6120684622500032
0.6462360226069299
0.3483780914236433
-0.8469565971950941
0.8496331852714313
0.21769200148367515
-1.2316415885762233
-0.2453536764850122
-0.25493483279539036
-1.1566328895940388
-0.6195891348971075
-0.9209470487263525
-0.6767156957194917
0.7554080832309471
-1.7834209465184871
-2.0975635220835094
1.3137034802436687
-0.42145506741751226
1.037401307261189
0.37520128793451435
-0.29535516788213023
0.330617314572125
0.3851181856911953
0.770141664684461
-0.6068172027105814
0.025946331213571885
-2.144411560777645
0.31933790349670566
-0.13913676709335537
-0.04197344515149032
1.0827372331339942
0.2985954813781899
0.35447569962168957
0.3829113841623456
-0.5106057823609614
0.8921763169521746
-1.3166532837118954
-1.3660218202523167
-1.419603164635168
2.4039036510898075
-1.323357149984194
-0.004001150571930082
-1.2658803891579666
-1.789810790628186
0.5600878569903345
-2.487833904513472
0.7486952179215612
-0.1709758062724999
0.23550901312389
0.6409120078919288
1.443669641454397
0.5665731839066049
0.4068255189924208
1.3687206892061456
2.5143560000020297
-1.4031162595695414
0.9119701529257681
-1.134602557419675
-0.791726611825234
-0.052612343629899666
-0.89856249863324
-0.23246430255667644
-0.02261747696604912
0.18613836989123156
-1.379254504830759
0.5336368561365514
0.24019904358234834
-0.49176144621734597
1.360072148353863
0.05634271392004289
-0.36952007800571174
-0.6562693392863418
0.711472945718404
-2.0212217043412277
1.2705410468798661
-0.6958481806660809
-1.0633229358943255
-0.6659827541273404
0.5758024899014631
-0.25561193912275176
-1.3069878374844057
-0.44382775447143663
0.638041132723603
-0.2307705141547521
