bobot72 4
-0.38281622404143767
-0.0684817190462966
-0.9346073941122325
-0.9081716082685349
0.977312289237874
0.1157252825349486
-0.6995060717828328
-6.282500724280049E-4
-0.07814703595464034
-0.5963986222971621
-0.23507002508963534
-0.9267233395672299
0.4210061165949841
0.21499812930335072
-0.624556989844913
-0.8042280768902224
-0.9942139713081004
-0.48157160500795626
0.755861124978114
-0.3174975307108244
0.052407134455764406
0.46412690459787376
-0.14721263676330043
-0.45647248365210474
0.8668938272959725
-0.13736429482648593
0.7281687173593316
0.013839154825807082
1.1405201565542442
-0.009854382949856702
-0.09104433873649254
1.2525972675160255
0.9198144604809453
-0.731604928222791
-0.8722483571792194
0.9688758321236941
-0.28923220650738823
-0.7817333131584171
-0.6400264829160474
0.4986758360182041
0.8362253910062136
-0.6550279434877488
0.13781721653189277
0.7400170326238151
-0.8783429481029914
-0.6315268114803643
0.7021990019929487
-0.5279853437006212
0.04718050128205564
-0.7506078236713112
0.30625448272265454
0.5678207170672107
0.11576257222902209
0.674091043750151
-0.6011009041186983
0.5580814317246995
0.04895957861519573
0.29511084402040466
0.9109504321168571
-0.14992058196291347
0.9154682412241292
-0.48711202820289373
-0.5871526271027898
-0.14086204158436888
-0.6400751877834399
0.7276134347211842
-0.6198007232321452
-0.41817683935374084
-0.9853903540247699
0.0011816520419587473
-0.6839510964126925
0.581109831654331
-0.4025881068569429
1.1451116167163962
-0.9726260951860481
-0.54320758681134
0.32942126843455793
0.2427832909493805
-0.23041034997560522
-1.090088737831267
0.09114336718626292
-0.9421897798777472
-0.11157039591319795
0.8548341259971255
-0.5894185420849265
-0.10679758304794507
-0.15873373487819215
1.0936050917254385
0.10208926856118028
0.812285116904965
-0.24013373085997214
0.5627002930828658
0.2026921449894954
-0.9424523469739867
0.15719285231866342
0.7463271737355229
-0.9883657935403374
-0.748873933040999
-0.31194400694157975
-0.8769963211713816
-0.6513642560816884
0.4369874665095155
-0.35246024740974535
0.7644796434272931
-0.550165601370195
0.30813453833653487
0.2777601623600783
-0.4992113806225891
-0.0789017213325708
0.5102566156097853
0.6905953004192512
0.3412858735808013
0.782477683309228
-0.8640248622143482
-0.33113465269743814
0.8733465455964142
0.7786182312568215
-0.4644498861094198
0.43234195006597975
0.7019147030700552
-0.9589623405272544
-0.4932650499474886
0.2068434549392575
0.2393704977100555
-0.7881729010583483
0.34565981543778035
0.3312905601423164
0.24323456687709188
0.646038952218166
-0.33446890597975165
-0.8736032982870943
-0.5908251906617483
-0.8162233946366761
0.772254373226044
0.4487628676608016
0.4195148302526429
0.8708509842851815
-0.992386252741934
0.03282046232743559
-0.36484116083387375
-0.6872313359667466
-0.3223775289654123
-0.9247107194812547
-0.7017569254914724
-0.5175809696776341
0.8200008774828296
-0.18803218875476935
-1.0525210116633463
-0.21999467288343388
-0.5969623514733321
-0.3349529159579674
-0.10881909330994509
0.7105435745630737
0.35591127975143233
1.0167874943453739
0.1472451289861699
