Type2-8 904
2.287553837225401
-2.372770672862355
-0.589976821421556
0.6359378498440174
0.5240361180670752
1.395918234158926
2.328558848900705
0.5878636896859745
-0.7115125385640217
2.6975034471299026
-1.7495578744190576
-2.3131580569821666
0.6813452991804962
2.914316425591797
-0.2630611347543834
-2.0001242928384975
1.0478085369039076
0.12757343040017521
-2.5006520371267658
1.0767069510171674
-1.3780274756944535
-0.49512945593294433
-1.1759013264515112
-1.795117737637211
0.36646263032301024
0.8197902018340875
0.21764192561805923
2.01072043198754
-0.614658144359093
0.4165262106044152
-1.4980010630031833
1.1393898466697616
-1.358975086886956
-0.5184212462446522
2.944865595772191
1.2216205723466582
2.6821575493068526
0.7895814674310341
-0.5460359197416691
-1.3867347397826504
-1.4914410045143636
-1.1986990935360524
-2.562124268513692
2.3036717775906306
1.2063384896624918
-0.40386303812215596
-0.048122760644102286
1.5977396344119423
1.0465762350772274
2.2704806305849425
0.25419969628115724
1.099453898580496
-1.049269068137396
-0.2605404478572496
2.565149403951016
-0.4888960446685112
-0.22139386559132873
1.9065852652098285
0.05067974173142309
1.9736143597214213
0.6443611216939706
0.5065820163522544
1.2691906332531644
1.207154569274305
0.9106134265066004
0.926088594494375
1.8668834471859137
-0.5807355789686988
-0.23467747025841862
0.6586583735257321
-0.08788171217327818
-1.661408133558551
0.4409271029339238
2.3355975591968816
-1.6667849968036803
2.363050994806868
0.15985409073970383
-0.007272501746407561
-0.7911990751052507
1.5775849968908167
-1.9699090895598477
0.12027406768983451
-2.7143980155076415
1.2614232657578708
2.0895362100618446
0.9731799198555252
-1.9396857144245991
0.661291342281849
-0.18503361613099198
-0.2974991817615996
1.487361987952791
-1.0514438841789944
-1.1554912657575453
2.698386082323324
-1.3279919621404717
-2.97490541779158
0.20739098710120962
1.3728870222089264
3.3802304869653703
0.009636687079382103
1.6816872875538877
3.320874145252111
0.72236214586933
-3.0792432437497648
0.047355780002523606
-0.9688390828440012
1.174429008415095
-1.5299053598092778
0.6998996246673788
-0.44959493531738626
-0.3502659419269213
-0.38880105834120876
-0.8176176368619934
0.7600377180408354
-0.14139136139351124
0.14064310769922375
1.9900456367895227
-0.2689183894551791
-3.484091356896683
-0.013032527353737305
-0.2579180287446393
0.34849580996593893
-2.58809240584566
-1.2168178880440168
1.0153882320030758
2.1430078794212877
0.28335533664328155
-1.8989203257352278
1.5784310383086235
-0.45917622003204867
-3.089686770964861
0.7826491524637929
0.7462889378596904
-0.819912307985744
0.8096113410502686
-0.405987017109328
-0.2839839836311958
1.6480422498946636
1.9042656382733196
0.1727811357223044
0.8141707480451366
-1.2297188815505522
2.2893484883603805
0.8825593449936963
-1.547605895935441
-1.4890550490102465
3.1210142374792165
-0.5306506276084599
-1.4356533951001074
-2.756295003365924
2.254180262933766
-0.704370973915508
0.11742769396762989
-0.4632670808485552
-0.8588593639926404
-0.4463195200550707
-1.6293172622624095
-0.9692567768038443
-1.970505706091628
-0.7115049686241155
2.1983379925782676
1.7027077935081032
0.43308251358950733
-1.9604421806177796
0.4530934237968098
0.04297177288993473
0.5424693568843886
-2.5548715347206095
-1.792034417691471
-0.9129890844374036
-0.31057290137630167
0.33865160554413554
-1.3303999150081023
1.302586846347582
-1.199985459014509
-0.753997069292572
-1.0706453271945935
-0.38403239566754305
-0.17559769501158892
-0.6832787270903521
-0.5760762063391879
0.7572342016090798
1.5171106817178766
-2.116402303705524
-0.5515162552179214
-0.2586151827681995
2.1851003444042236
-0.3005232017945468
2.8505939630853616
1.4063901445040188
1.8286912480331283
-1.2232157760333533
-1.3941179426970645
-1.7269459529524553
-1.6699662157166633
-1.9719394298528345
-2.131326186317112
-2.224770187493916
-0.6492123009342463
0.9399653732267159
0.2557602480180434
0.12182299305250044
-0.9448893014690188
0.07945463453478521
-1.012568386757739
-1.8373962491926468
0.038078626954855255
0.5298064629758843
-1.3846813982955513
-0.42640636442941754
1.0668869032291357
1.814508363532769
1.8892072546309935
0.05300179903550428
-2.3374654174911256
-0.1994856704187765
-0.5350914244129793
0.8893991336714144
0.05130626515301409
-1.3059963564076398
2.9795390273287503
1.8085729361202845
-3.4142281172430176
1.281287610824281
0.1253834116986177
0.6392057257694085
0.4600532753564983
-0.47860810122530506
-1.383146140725079
-0.49261598570168025
2.0532280145240027
-1.0672525201915601
-0.693033737062711
2.8083349875421013
-1.2390548176862854
0.5809862103728157
0.8588809988350775
-2.7026903160103473
1.516602978626784
-1.3467543621739706
1.7958359702638131
1.7843014982676277
-0.19486979172479563
1.7675831089292764
-1.7598508930256385
-0.16412594515458098
-0.009553943824409855
-1.1555623886418356
1.6628947273174677
0.046800591916878465
-1.8717723360248748
-0.9311407403342866
-0.409012574611023
-1.2704878465865281
0.5743621509674014
0.6251329407109707
1.0803350403291105
0.815762571427825
-2.07993761886052
0.4192460621650684
1.1372791951288606
-0.9967279564932604
0.9599410711200695
0.9308475865449849
-0.1754885340655182
1.1840155798108658
1.276314124279909
-0.37587211478207994
0.1806516696543743
1.2379683082479027
0.30902051412406656
-0.11429027203400265
0.95435940354937
-0.4675166805776369
-0.6751908907762073
-0.04409487087639177
-0.6677521404587387
0.7929312369024684
-0.616168762784046
-0.4443072822254412
-0.29915968788491687
0.8601065330916827
0.35527722741022455
0.416781829300213
-0.752448788976033
0.36180161099449104
-0.08155982248664737
-0.9149622438168751
0.05869689067625644
-1.4599019888352949
0.16711451441435016
0.5427812360402033
-0.192675991140265
0.4145223721657214
-1.5184593292095954
0.07658576577497728
-0.5609882615274752
0.24954276610666726
1.3357028975840657
0.5816808136996883
0.19062661914515497
-0.3135200555592601
0.7965754555907597
-1.742693321552117
-0.16239689141818828
-1.0003452426123725
-0.4431894098112636
1.9618237755682193
0.17072343249954358
0.27937955594065556
0.81215611588318
1.361776341166892
-0.06858359243780593
0.8997237886488477
0.5284090698902495
-0.41311165324060206
-0.8336035101688881
-1.6481607016113038
2.7669600664245544
-0.7519112913346702
-0.29254904970855344
-0.942096007291303
0.3081913017276686
1.0421794269607354
-0.5360845214451071
2.3817389790014065
-0.7573218848574386
0.6220670444569936
1.525513389033268
1.0283312343833837
-0.3524394986959769
-0.3441624809746519
-1.7539383346284696
0.07177551993956213
1.2943569493208287
-0.8943783781331014
0.03724527509007694
-0.10723141503732331
0.38020065286687754
0.8920338711575403
-0.38800091410985255
0.8044785513324262
-0.5822222921016285
0.5667268119696033
-0.2882437547031306
0.5424875089570764
0.5618614875775775
1.0114134957669856
-0.16613086608945402
1.1269907686242988
-0.2367685883189378
-1.7508301728458473
-0.11511314218440827
-0.06414137758338909
0.19916945221761007
0.821237779553703
2.93801927961346
2.966627287123151
1.9388208949082875
2.085773216401681
-1.586753182254787
-1.548979571310484
0.21948534832352987
-2.044453158570274
1.0654837814049913
-1.3818838866497907
0.19728816892179524
2.3831698987195673
-0.8803074000040501
1.3824724121448062
-2.118767798975949
0.0988839751218682
2.78751492012685
2.7316990810873394
1.1979196544440158
0.7200448724776912
1.081281017867118
5.817736454305784
-1.615480216356391
-2.032278393447877
-0.1280796811803888
-1.4183009095132204
1.7353028317625225
1.5161693229797681
-0.362213367272229
0.3768043767243683
-0.5019583766634819
-0.14350326303888844
2.7115320571507757
1.0071375825089601
-0.7130827859304063
-1.1122218986235348
0.9099431363102614
-0.49621428782962396
1.3661192005771399
0.7792044463466241
0.8732825579548295
-0.6636295664786586
2.191183857448467
0.0025541385830739616
-1.6449198717001292
-1.9044762904288672
-0.4468281750709732
-1.527138779910932
0.8995096197684376
1.1923212022903829
1.0255019637683638
0.3674110672682588
-2.232212785832013
-1.9737131344358203
-2.8684856579054046
-0.49083478666664593
-0.19975577499395517
0.5217287550611911
-0.47583766751515727
2.345376473492363
-0.8779739707706833
-0.3743841874451286
1.2784983000561279
-1.4090721010532476
-0.3016914815329616
0.56223039661806
1.4964438918304726
-1.6551992068199401
0.37725048409723977
-0.8447587260773236
-0.8224236832827289
0.038143978033553905
2.399546940104437
-2.242370590761385
-1.3269237625363173
0.5917649031255646
-1.3246061054715994
1.546363348616332
-0.4226988036946495
-0.6223014169006253
-0.021183953882141393
1.377802357256725
0.7637032464378354
0.9313395101258775
2.0301995814014506
1.5760627708129282
-2.1524842221402616
3.0877892758105223
0.004886008869054978
-1.9173723712114779
-0.6634917013951859
0.17029679610383364
-0.49980021479822256
1.9370712431251225
-1.8258615218252943
-0.48153338107271976
-0.42878108839876306
1.2068003843159858
-2.5594519955799355
0.9457721031055146
-0.5399212775647138
0.47244925337207927
-1.3971910970066443
-0.7043469470357737
-0.25199419837193193
0.5168796142454347
-0.9899781666709109
-2.516294068016314
-0.36219219413330844
0.8550888520852964
-0.09552669789583162
-0.4450855545649283
-2.349298403878662
2.075000581112262
-1.215932546806648
1.5896476755086835
0.080970725714386
-0.4219105058054569
0.13495279589828785
-0.9581170957309191
0.14014865725134967
0.8378799317146857
-1.129893097760896
0.28374572228097256
-1.295090511197383
-0.7313432635351984
0.3259817208523465
-0.8004347782680168
0.6041340792835435
-0.8451803519185959
-0.14944739205413868
-0.33489758051680457
0.5208535495865164
0.14107675899740693
-0.48079862940434304
-0.2931051819228033
-0.07191425868083981
0.2993410514260946
-0.6627510663398142
-0.7778828846092686
0.7348272343322346
0.15286452184472402
1.0498594644961279
0.3577370842687364
-0.9043390761012626
-0.28019254509050184
-0.11437841306461546
-0.30097231442408307
-1.3071967914493214
-0.06718275085628528
0.8284057471640184
0.9542425398101941
0.5518242022454954
-1.4462885270206134
-0.20881871261998058
-0.11384005889650689
-0.4485222559672396
1.1766670078772645
0.05334648238687599
0.2550728488489687
0.8908250841435252
0.4668246049421178
0.2178950712906042
0.17606731322772318
0.836703475453906
0.10006610912835988
-0.5067443255314247
0.3857548904022527
1.3074858691936344
-0.2076227317909895
0.39954536712729805
0.03180554792443903
2.2325919379565127
-0.279714320120501
-0.3647942889421618
0.5162652127070005
-0.28047688592222536
-0.6243543440314843
-0.2518290245698846
1.43855599742081
0.5429021734453319
-0.6671362867820074
-1.4118577500559433
-0.696369411219621
-0.9346617530436736
-0.24830934886592643
1.1700302484733076
-0.06405873509137533
-0.09637836172724323
-0.6294658587284816
-0.579200961410492
-0.1657658021410254
-1.2233068872028836
0.7068347428989209
-0.08751903068929105
0.1766491883863655
-0.4396938357329724
0.44813279176919807
-0.22482173010200582
0.6387888254906389
0.871165545352242
0.9146377775694207
0.8988438963090793
1.1080869775027224
-1.077408399384909
-1.104011163980435
0.15965349388232808
-0.15173478351032663
0.9233329147991949
-0.8482041561139713
0.23712154473993924
-1.5096042035646673
0.4568371609523715
-0.9998144273442755
1.0669358141908232
-0.8680611671342672
-1.072241883301059
-0.1584291086437406
-0.3601946052180569
0.8299036168030859
-0.05624927954270911
0.3356481117753628
-0.8302896975508582
-1.0535612441502753
0.03855089440893458
0.38230475146172704
-0.5587847891347397
1.1166759690069892
-1.0884277589852052
-1.173551667363001
-0.8987167156697108
1.026460701410937
1.3518595881194573
0.5808302892362329
0.9435775764372432
-1.9422936843173615
0.549512394962841
-0.2995770209878618
1.353256330247525
0.43677589748901136
-0.8838570471700314
0.40788607730953397
-0.009344397080896572
0.7285880915986377
-1.3629818239944997
-0.18388000729062226
-0.6587365507929558
-0.3001831220651817
0.608039679116349
0.32347665594674124
-0.38723051242397183
0.4512275527271983
1.2576970202907545
0.24242129496981535
0.8664915706108975
-0.3497874829631809
-0.5430093487340419
-0.1641450156540198
-0.2483916596572747
-0.18538618730805703
0.6469683207293546
-0.3332198415930423
0.7503635193276004
0.10314693789624821
-0.10023775216346001
0.3707991203043036
0.6485705970326626
0.075728563469944
0.052712706425766094
