Type2-9 235
0.6752335824995519
0.31673336242046873
-0.5207881857015679
0.25369457841727283
-0.13724067962415817
0.7075935759781793
-1.2126249901608048
-0.7270232359796368
0.36517650481993724
0.9090046998545859
0.12445025734136836
0.19126763237058148
-0.6279707189476255
-0.8877459708615507
-0.9359542899057621
-0.29382375886844536
0.16376288111038334
-0.2658839786822024
-1.1341606244980587
0.17524703638436204
-0.6731602092881294
1.2846577178114886
-0.21594671117376651
-0.8519287705443792
0.39245008269962334
-1.0565282071962623
0.4080664826893938
-0.058446307547959236
-0.977734187983163
-1.2005133097486782
0.5565575938125473
0.2874056811620124
0.5560323168654314
-0.4059208662158834
0.14187308827678302
0.26610846668569904
0.8022173020105297
-0.5963231452613138
-0.005823916427516063
-0.8784241813339781
-0.15450450161674062
0.20233536433029511
0.47670833167862764
-1.0886081767843914
0.38413080196059274
0.20369098824938056
-0.14718479230969012
0.3716929497234231
0.563194784146115
-0.38271457636043654
-1.22685752172861
-0.12779464649690137
0.3158017115722329
-0.1473345331814733
0.20229951041076324
0.841455609734105
0.8459903004611773
-0.292478456326458
0.3758432928234074
-0.7034354426111735
0.8698826079753836
-0.09156502279916828
0.1667279462490707
-1.4603582083225555
0.32432074251294835
-0.6285258354460583
0.2790212706115914
-0.2840262651068952
-0.25679110857364523
-6.176509657509488E-4
1.3029532812269715
1.5254927417142836
1.190531408655081
0.5136244929823379
0.5143782816389288
-0.15969847975727802
0.9503757613556938
0.2739635958281454
-0.6158502709474226
0.4180108767856938
0.7260102517657718
1.076345656095059
-0.11536248285091519
-0.9636756052223513
-0.3762264683484299
0.7154070251099189
0.4319555261083166
-0.5742310160747082
-0.6586325878975505
-1.1006622906294707
0.2707633009063441
0.7285351602946917
0.7839114874666432
-0.47875697243722787
1.0104223334277544
-0.35230388207400354
-0.12737130219919052
0.43360038127478606
0.8004948623306565
-0.16165511480682876
0.3552044277368317
0.03600014484820835
-0.26256510052566057
1.1866161638706463
-0.8422063046194603
-0.21351024849178626
-0.765231123090481
1.1762933389978585
0.33903411850991155
-0.2845033499935871
0.4727252165663266
0.10767180144050678
0.6216644060116543
0.779693272058583
0.4753820319242258
0.45417131574408537
-0.7260557838954992
-0.08994322958180995
-0.7193053259545293
-0.18769516825199084
-0.5367674017042328
0.8225257671649131
-0.8570801748744057
-0.45309378481910534
0.7495827145764081
0.3380015362991028
0.45848867373290175
1.0747634849570091
0.321083970767775
0.5532240741609351
-0.20216079158732414
0.7763012214741623
0.8584561588352463
-0.20058397333954986
-0.29036552468839205
-1.1258486293319667
-0.7347129266916825
0.4466522557739504
0.026392613531613263
0.8760586348973947
0.046248355211434666
1.178662791764176
0.3029736854923971
0.8955683521611032
0.7833774562404203
0.9771693881440475
0.5221593556674577
0.15145142734293804
0.3920588241465453
-0.484263447135952
-0.41162478690681154
0.010304922424802448
-0.5606695727572014
-0.6043246600092492
0.41957303180325567
-0.2911908858178513
-1.4128343569202788
0.2828231995684684
-0.21113800828370352
-0.16983202615059473
0.9732406347604428
0.5779511172816528
0.8643520378156897
-0.27354860995150365
0.13593458242225737
0.8870012390789532
0.1410092444294755
0.003050185377874215
0.9009901359886014
0.6321023102338273
0.21021215097056545
-0.16798615626738636
0.3542937466326134
-0.23354712218989454
0.6502842911994783
-0.13989391771191553
0.037630296005365244
0.4346762440571078
0.4309478544446182
0.3553544591448023
-0.016441819481833764
-0.1606347230215601
-0.20067216573203303
-0.3976922365243999
0.5697152654688656
-0.6354755833143775
-0.549933802856097
-1.040398936196657
-0.5891561850540092
-0.9749633351044541
-0.7744052838013207
-0.22231574546977445
-1.1222833833864956
-0.3482255391833984
0.39769000136287624
0.42697633117335065
0.9645774167435393
-0.95030064463411
-0.5080198810622082
-0.028675131448216762
-0.690180561656758
1.081762682468055
-0.10273340138456587
-0.3746093418726512
1.1287904768563881
-0.5333413953862317
-0.12601743242712748
0.525806401769712
0.39773692330190613
1.1505316386391244
-0.6807826347143118
-0.05042192245019378
-0.6613826932672257
-0.18193530521313628
1.4652303128319883
-0.8767517788580222
0.3518951102274116
-0.7290285830658857
0.23944162995495694
-0.3988353245936513
-0.8970928987290573
0.08850109383525379
-0.031261652330358554
-1.1318525240222383
0.2523437412313949
-1.581213218306058
-0.8349932639411763
0.6579020286394455
0.09687047511735233
1.0095790410008263
0.40509759498732834
-0.12028117419561618
-0.15968299711493641
-0.11751142296912805
0.15378134407562885
-0.825081846109287
-0.981023999176001
-1.0135555361702755
0.28160325920696383
-0.04061107267942035
-0.2368218771282403
-1.5699397410927916
0.5055312409406043
0.4587232602434658
-0.6650159374114666
-0.7513148382572893
-0.8534848545702073
-0.13009214301428212
0.7331212867182174
-1.7446265516199602
0.09307147908639021
-0.01034754368924222
-0.7878720127184788
-0.3055135422027992
0.4308024206436709
-0.23692976297627585
0.336962542058593
0.8276294678379474
-0.12562683468519897
0.5498517478879312
0.9229066073500647
-0.002425223898634643
0.5048817701583178
-1.0815702888610188
0.15854926287926607
0.4030470171831153
0.5126150689253602
0.01856395356084846
-1.5421476598851116
-0.41298125972801547
-0.30319165252786595
-0.5309508873945813
0.3523323805087079
0.6189913285552404
1.5576736362259493
-0.0190308846194297
0.9051914871046449
-0.775193600957329
-0.009815806048030534
0.5954265740135761
-0.6904380867463755
-1.119024933840196
1.0776671716856119
-0.6282194175441067
0.1490929683773728
0.8897533379054394
-0.9892042117961957
-0.7875166700690769
0.10684105696394808
-0.36707154790236524
0.19684276456201721
0.7257056874052223
-0.09104432676091961
-0.02883653475812223
-0.19940729170006483
-0.4383021857329853
-0.7619105030956177
-0.31688544252065093
0.0048311035662179785
0.27783542526479504
0.07628482109664897
0.68234600614738
-0.782074292513138
-0.6953796071542907
1.051002471613775
1.0834861140825318
-0.5114386331024098
0.6323617686816841
-0.9398809926922982
-0.22404733343732297
-0.3664517859932511
0.6470173847490572
-0.13716220934416729
0.33523208195506243
-0.9843520375396
-0.7172995974161638
-0.4319824980570711
0.2462507136255051
-0.5792930318551495
0.07650073611127414
0.8522653464486792
0.5816072879409978
-0.5812637032572403
-0.535594142035033
-0.5093146277827907
-0.5181207840384991
0.8234048109182419
-0.5435113955318698
0.26205000245829707
-0.051312525982185664
-0.791223999724235
0.7478971398792205
-0.3197330324662532
-1.0229146980933743
-0.8274121135609244
-0.19438114716336255
-0.6719205741529137
0.9672955174227529
1.142022566428199
0.5938000191798671
0.42615130912385807
-1.016806808579305
0.8240921714195486
-1.2931117227179938
-0.5974110557382037
-0.8593159222030686
-0.09090965875936466
-0.04121226050945431
0.4203629618440648
0.17300285050293865
0.835721917957011
-0.7417814057721315
-0.7943327169748338
-0.30501498913004704
0.6393500439928338
0.07680647512045617
0.839723187407686
0.22564368659160736
0.8427939647531661
0.6852280268573101
-0.29183432196947623
0.13796234756442535
-0.5021581698277185
0.42968312935316233
-0.1189925679222277
0.22787485012504738
-0.573461494721142
-0.3483175222425527
-1.3664880632599399
-0.05128902823331023
-0.3794381097986346
0.2566677183599198
0.38498308436962453
0.49812898648997916
-1.21106153668782
0.9382238615409106
-0.24941743581935125
0.5913988121785749
-0.46541262351783774
0.12194579457116851
1.011531985305438
1.0863386933279506
0.6423758891481017
0.07091891099431406
0.5317979291910337
-0.36858984311764986
-0.45101668596705397
-1.302803973563445
1.0028605610318237
-0.58282564060823
-1.0162303971261908
0.9943676733092428
0.6514580609873775
-0.7787932690715031
0.19847329257414004
-0.3710831667579051
-0.6929169061878555
0.3817740875283711
-0.9627606661150383
-1.1020568205168764
-0.07875939177481175
0.8957466853855212
1.1337591051106026
1.2573313850267145
0.5517680557918199
0.1801680836210536
-1.2106469404639661
0.6952806831015741
0.9524018436504704
0.3127197845617743
-0.10859451476217086
-0.8748861726593237
0.59508036876591
0.2152715483438239
0.12730517667269178
0.6106540250394226
-0.6570793759933501
0.5404136661070396
-0.47970497426331704
0.8811002605701352
0.37445258441313756
-0.5278221030823449
0.9696798742236457
-0.05434077471523729
1.2816820752451963
0.10828915501516997
-0.8367555073653004
0.15137520488017586
-0.09372217139848127
-1.2118691008701825
1.4091097220610451
0.8940048918262022
-0.29500723785313077
-0.9830823457284168
-0.8571297985872907
-0.8883762977202148
-0.3979816840841075
-0.5285788566735553
0.4031857962469288
0.6720968293215777
0.7354074873119636
-0.2979937051042658
0.8127635609540876
-0.5576224970723872
-0.539661749326799
-0.8134626147938203
0.4064159936033949
-0.40609864218824443
1.124763658971289
1.0196111379176567
0.4319198648665159
-0.7675194307513609
-0.4208274109025635
0.83810037868745
-0.785878148477253
0.8957888312156742
0.25526774832582744
-0.32618197545027056
0.22080824333314575
1.0039956991416497
-0.09345492976238061
-0.7992810180862181
-0.597327063546096
-1.0265827655710567
-0.22984041711799108
-0.8491210393064275
-0.6320212738872895
0.7878636278559611
-0.07848785577777595
0.989913350533222
-0.7070140053375669
0.4280932668495712
0.8215969026807984
-0.44391454398230223
0.6761101030978278
0.11389805027451581
0.13706704231405747
-0.560225658640606
-0.8335637488152561
0.6529255353451093
-0.5669076345214883
0.5088806941262246
-0.014855191244758634
0.48909460535563754
-1.0610571273447773
0.5178943383653436
-0.08968006572428489
0.739164853420932
0.8590248496048948
0.31087921319827283
-0.23665407539688066
0.09956946830948246
0.8126150903838676
-0.11447057806033067
0.5278255757724242
1.07545686519895
-0.18314602387129317
0.10103190922489258
-0.6567824930286715
0.8300063471264808
0.7028593998584287
-0.8891459606091476
0.24871936162294986
0.07672066060135142
-0.83037356756848
0.5379594378056114
0.600243776857591
-0.2242192860378494
-0.45655192981064163
-0.4865284943377221
-0.30827364012720504
0.8067406932624767
-0.6213830489856386
0.746611454239073
-0.8342688105217342
-0.8887951136876805
0.35318760102395674
-0.5380425511455019
0.6296662270136081
-1.1359063905452809
0.8357715144645119
0.46861850962262397
0.9963409317522953
-0.32949768440982174
1.1580864620812545
-0.7328234956500845
0.6347298119690534
0.48660113238688
0.4584777800520988
1.2766428564344017
-1.0450618391300908
0.13794060312083437
-0.6029753193348795
0.5220611420037968
0.6702368168208226
0.5120429268058441
0.3402195311844829
-0.1041281733179624
0.1516151348512332
-0.8298588034866989
-0.02682554381000779
-0.6724339586564311
0.9996799963957155
-0.002512673791097403
-0.3498885737999524
-0.15771747330272534
-0.6457510224380696
-0.43821433127070675
-1.1257573945169208
-0.9342932533126862
-0.29502099413330357
0.684991947885472
0.2964859544362591
0.5533253390371338
0.9241410247462576
0.3884016282521987
0.06118150101616038
0.5018733679794468
-0.5619842353912837
0.9250001222608639
-0.008412996942962978
-0.2301983059163028
-0.8286602479799119
0.5637488761950078
0.4854306838607866
0.12141527678585562
-0.5866025487042805
0.8746490378832231
0.7143047049268613
-0.9936520488303711
0.057162212206743446
0.6230252434242836
0.22092403902065438
-0.8979434042245977
0.025776333666666096
0.25414581773334455
0.05992551267475349
-0.8998630710032185
0.6488645022976307
1.2252049292364378
0.5472430311943064
0.12282882186943711
0.3606367677987143
-0.6919639000548456
-0.023552868154764317
0.9521768523254304
-0.6844960643206339
-0.20043331825008526
0.6461774575012547
-0.8010367762675792
-0.6971720166125346
0.1978803010547905
-0.09164335380302924
0.2699504273997507
1.0076242867924037
0.328113745253531
-0.0831599620305647
0.2814941312229678
0.17548650285900091
-0.26149058558193106
0.31308007321387216
-0.06080891563808699
0.5221831677485094
-0.6433076677815377
-0.9235032026018365
-0.17677139018446253
-0.6795459793237949
-1.030662268722841
0.7937581058977627
0.5421284499900669
-0.42644443014998334
-0.08012320587457153
-0.06296223623361202
0.24105597383634692
0.30175877982003696
-0.008941971879115738
-0.44059526951379824
-0.5881412808348663
-0.7379859783582827
0.8005569195517552
0.7519786931859578
-0.9135733965881265
-0.7484563463524632
-0.00790312611830335
-0.12034107913337885
