39 1865
-0.5518410003013017
-0.5342771503939755
-0.20235827959301556
0.980984534844911
0.3341363440237102
-0.11017084372845315
0.24837114450020614
0.6326213829009495
0.6932326707929037
-0.15077362327652719
-0.37513376208352067
0.057789423067631046
-0.2592268100794832
0.23124329864524634
-0.6452315328583282
0.4116991115249179
-0.4175920267035693
-0.8384035095873577
0.4488564880685662
0.3122008268459442
0.8387004053738853
-0.4844650006538187
0.748805898397501
0.4887087696570118
0.057177623174406195
-0.8626663785339164
-0.020398413524747916
0.552449764887706
0.08812418201373735
-0.09540900919145287
0.27719350636658624
-0.5535800599978182
0.3786266728812875
0.8699263086461095
-0.7261839020310463
-0.23684788172907956
0.875084240424747
0.5768636992826237
-0.4729995290919992
0.5814330107664875
0.07887972351280018
-1.106710970474994
-0.39368380210283377
-0.29234542943747743
0.1705826815113074
-0.39964123464619916
0.91563384218655
0.9044730598723469
-0.11462481629209434
1.0251222795111172
0.679078104243469
0.8786540346099805
0.7877105562006786
-0.6179399331687798
0.3337568753679415
0.4624989985378086
-0.05607260690804905
-0.09064714627678244
-0.2770845790198624
0.5804290289393228
-0.14728189397263347
0.8434302190504122
-0.47028122730120375
0.15075967538112311
-0.41370896733116297
-0.16965036437413805
-0.931200705378552
0.8764276411958636
0.1771292268825682
0.25505662191581924
0.4320268912943155
0.9190154887490207
0.3983275919231952
-0.7542652806219174
-0.1716731553779205
0.9205886761741959
-0.7837336280145257
0.1448754898795357
0.7869986701893601
-0.6210756306023477
-0.10226260840558486
-0.3721011737355622
0.36331791325175256
0.0068999456906767564
-0.21745362107555746
-0.18545985778881757
-0.19828622399108564
-0.4877210385772546
0.7005460325269319
0.43551808061959896
-0.6717020741244408
-0.9876317730120177
0.6748594897746643
0.4212322166485196
-0.4665426170942577
0.7271302062091789
0.37620505402261845
-0.0918119306272103
-0.3171715636521435
-0.46507564103112187
1.0031939991222731
0.13588877684586972
0.13268875197954716
0.5421919082117834
-0.5681862780456342
0.3497446305778427
0.3064996006063383
-0.7936061339608242
-0.9500399856014035
-0.038378170023462416
0.6934994633362754
-0.2977216933283003
-0.3960339525525758
0.17519169825952932
-0.2826639157261808
0.5962901401286705
0.22579811944031042
-1.2272647803271555
-0.9203005590636648
0.2800883589907057
-0.4618587626284525
0.11859413095022728
0.2682129553204396
-0.43975116632625155
0.35858959357900977
0.46782506996302053
-0.18827936047879512
1.1601411203321417
0.3605882846063533
0.9345825385095203
-0.3842167676122937
-0.9494200773805579
1.2951540747808974
-0.048920499002981455
0.7965389450551393
0.8268885474577001
0.25883644803686556
-0.06862204411089398
-1.0789308500416857
-1.6169431432273351
-0.1322734962957664
-0.15699923485389627
-1.2700846451135497
0.42810905669899635
-0.2601405607945283
-0.18928984376734903
-0.045101469421148906
-0.0707963762670375
0.4603987708141326
0.7153933946428976
-0.2427702345239417
0.9043372727351688
-0.12009953201067454
0.9304467341014768
0.07927586997198705
-0.1635573899861496
-0.28086601182034887
