14 1855
-0.571203584979798
0.021898347939993346
0.20162210028292835
-0.42566682183986665
0.8552740471474014
0.24591241194001498
1.3616907714452358
0.35352672169178123
0.5124505356393072
-1.062992464573393
0.8164674023278338
-0.001018174321788412
-0.8694575041592794
1.5634847998799777
-0.18708547857037772
-0.8450613659949235
0.4724203642856604
0.6487992082313632
0.8038753515049968
0.09008719235577173
-0.5471863113176207
-1.1238723868860723
0.4414541823855123
0.468683721669209
0.37461844901733565
-1.2400356731199687
-0.5046516714827542
-1.1031000778044062
-0.2197285790259066
0.3404723798127666
0.8629086719324642
1.1514953684873772
-0.07729888661895845
0.04769593466374826
-0.0867858270322413
0.8041096952737194
-0.7846844064035737
-1.1679142320481462
-0.5214401372121543
-0.6945217039762677
0.5365017883447663
0.10216536387412076
-1.0113122323530332
-0.6761583798373871
1.178873908440291
-0.3125031675865335
0.20610364249603805
-0.5721374176341447
-0.8374724101612459
0.768515602843399
1.8880401416494978
-0.7886426326292046
-0.5027197487123772
-0.3268407529259942
-0.25792675013024946
-0.9157528614187291
-0.6483381265077468
0.36476688001921737
0.1261669659306186
-0.5965205895939301
0.49541619498145406
-0.2305533852316422
0.1516906858262924
-0.27337254653219845
0.4945414266383102
1.366251896563489
-0.23854782467918
-0.4180470671154778
0.4356052105421973
1.006557715748307
-0.4146349731400353
-0.7537491395202294
-0.4301623166155758
-0.6712762887644677
-0.83533132942535
0.2008246839107496
0.6773204397642929
-0.3742484520182998
-0.13396500032051992
-0.9014328438414494
0.47483792175089695
-1.0186026191228437
-0.0971240352552559
0.5615243600604558
-0.37253314134762094
-0.49192218698265533
-0.06629259609654659
0.15839014272568366
-0.811251950882926
-0.12332622357078171
0.8253051952709594
-0.9746187710312142
-0.560526224348406
-0.34922677907790234
1.2125693938027706
0.3402092762342357
0.9375643405765866
0.36163451510848366
0.5371694275052833
1.1068655885304999
0.3383658865989789
-0.018875365348056977
0.05988963301062242
0.7610692061376862
-0.05187459128801372
-0.415418446588406
0.932368379951316
-0.6671581562210878
0.10249895306253277
-1.0360966739969397
-0.7044873397282867
-1.3618871427851171
1.369482516909098
-0.7924895752944305
0.20226203719333002
-0.10709028699320355
-0.8541142432215957
0.9885712610224618
-1.1753540493556656
0.9366094610991927
0.5760343982043886
-0.08122775080015279
0.9780275746850327
0.624410318239502
0.8566864508810614
0.34270008936159513
0.10630590610941784
0.33919278516892637
-0.05970595642815742
0.94500704485369
-1.2147561363185808
0.060564092341265266
-0.6050862293215786
0.5406672517567406
0.5342423031358221
0.5700846777975315
-0.0040197268530501595
0.5094255213487089
-1.789144286617053
0.31321118841943496
0.4217278056805325
0.4936141813372573
-0.5602281310241195
-1.241342947436536
0.8917568737451091
0.07827971137622985
0.07518900748249627
0.22403419721887366
-0.5280937361358391
0.09222206274840647
-0.28708796756990795
0.6574210252126343
0.9071220763837075
0.4425479823819599
0.0389378863448365
-0.49522625283039223
0.6314188367406572
