45 2222
-0.5184546595839763
-0.6309297009906214
0.3503757930641502
-0.5938508696139476
0.9906497300666472
0.5313215123112011
1.3616907714452358
0.26217165182707947
0.7036853437014178
-0.9863073936242049
0.5394213887818144
0.3981190321021478
-1.0829297352850322
1.8299042956478637
-0.3502740972051561
-0.9957327026602185
0.7298919943355001
0.41334225550197434
0.9272416396681568
0.17583950068536486
-0.4305281705439318
-1.3723007662702642
0.7269975635232351
0.34843751021082714
0.37461844901733565
-1.461721625699694
-0.7755867755179111
-0.7377550941020611
-0.2197285790259066
0.49184912224633215
0.9999362635000165
1.324223981159779
0.3021903066468846
0.03035210109392823
-0.2335324478394437
1.0324128737909157
-0.6732639191016735
-1.4670607696307136
-0.2776930067295311
-0.967747382911479
0.8760525437127048
0.5218142816485345
-1.1322102825000089
-0.7314291506721098
0.9427122786817319
-0.8970835669241455
-0.008642368166434766
-0.7819755853637484
-0.31712939700106346
0.5971794321073945
-0.3282365103960905
0.6219742975482183
0.25156515409302904
-0.6925442218080342
-0.4280028418615966
-0.44346943703896796
0.6530823683922027
0.02630290743261718
0.44310840848230887
-0.28001601393490094
-0.3367092866969306
-0.3443938220142588
-0.7368801965215647
0.9966732395217006
-1.1244810683913142
-0.9565526028682161
0.9834504702598134
-1.7237901917828382
1.0502887438536284
0.16658854886410818
0.5616668641703892
-0.5995657386669443
-0.2621973665616
-0.15444757820446325
-0.4095366041865599
-0.7363116432185347
0.5284387135806395
-0.5345466054547177
0.7197979059967909
-0.6660114876733739
0.10251699569547926
-0.3443300313626985
-0.9428856171295561
1.0973836372448051
-0.8752778644312565
-0.7949759516921886
1.0340847827731618
-0.597982367726478
0.13389037983290714
-0.08445546512121166
-0.3457190700878921
0.5920770937866118
0.9826996482349581
-0.1937059882520788
0.8641480685115016
0.7361965148410373
-0.036883923357908494
-0.8315413085368427
0.2370754729404054
-1.3549161534892233
0.6577637432981672
0.9453259287763311
-0.018271028961175884
0.484284027701125
0.3344075898524564
-0.4469693356086949
0.3819162704853368
0.37261496989443044
0.5321524310405515
-1.1912926126078818
-1.0947232196649415
-0.6998230011047343
1.696357414716712
-0.13347480056455585
0.20679200326048103
-0.6445391218924668
-1.114964470386646
1.309096478050524
-1.4865743274319407
-0.6343070588383733
0.47105697554587567
-0.2791280729124488
0.9922609944977621
1.7765272339415654
0.7896028228951409
-0.006644198249603828
-0.018769651300531515
1.1581977251157205
-0.18155455575395568
0.9328672695181667
-0.18080727186910772
0.39150398437695355
0.21311855338739763
0.8329758098624575
1.011738084913473
0.1558172047953604
0.08378268976298732
1.047493201320725
-0.8778294310188682
1.0776027718934356
0.25109638515313853
0.6567377598069559
-0.6525553160570667
-0.5783334039174783
2.261604456023334
-0.4209748829825299
0.1071903880044413
0.4324548202710222
-0.20782143713036866
0.037672773884237204
-0.6449021798130219
1.0850057092301515
0.5350313952503856
0.32339307118646177
-0.6334841168537673
-0.575073451501247
1.0736485541027556
