42 4291
0.24635445621362195
-0.7509524206153688
0.3412849082820908
-0.19279743011078843
0.4303115837496855
0.2916174062574252
1.1067641779837547
-0.0028739634152600557
0.15599143733354795
-0.42550683271984163
0.49153165998817927
-0.09792181717335598
-1.8259260786448392
2.439981989000219
-0.39689162093677155
-0.541892635275848
0.05993088961119014
1.2933313938226199
1.5193844015017468
0.19038564624587825
-0.4349591578350117
-0.4617101503164889
0.02935013567283626
1.2244550467176412
0.21171497515006965
-1.773957561934771
-0.806212840283024
-1.444163435429789
-0.7634423517563136
0.5056966480430024
1.633074563878002
0.9916545345088861
-0.8093713572645527
-1.2882398144498326
-0.18496662182235274
0.284691146957664
-1.6961822018133546
-0.36148092028391154
-0.0024208767708994716
-0.4175133161785793
-1.5377277190959169
-0.46278858639024656
-0.2439648721578845
-0.43138274306026225
0.8038692869586186
0.05526109726114944
-0.35855705537901195
-1.2420200327780504
0.7038055498648248
-0.2359208631654606
-0.14292304414719426
-0.6034978499692359
-1.042143623294364
-0.8972520809557455
-0.002574791189883879
-0.5340017682310042
-1.010913691711334
0.32829026318589527
0.037544243636514554
-0.7347437667939175
0.10497066409079003
1.0196544672759424
-0.7671289248779732
-0.5292836036417266
2.072458784979732
0.014181296729628784
-0.08662488806284502
-1.2373578641263558
0.6878988031372524
0.5504135271184041
-0.9545824889240376
0.5856834687789599
-0.08078991294725335
0.6165024270272197
1.0268384904857957
-0.6180624017294083
0.16926352960941615
0.7425754249118662
0.5994128810074439
0.43382727100843266
0.45718208342238775
-0.6904776834232653
-0.39817755218869866
-0.07646302600475438
-0.6118591383353204
-0.5047650415911545
0.5377215982325022
-1.003132908207978
-1.3901619659488025
0.6874190022223086
0.08053093826565463
0.3852216035883371
0.9090675878583891
0.04244716698137144
0.24215436558038128
0.6307471794550383
0.41095160635405487
-0.857456351335179
0.8615296251862476
-1.6660061969671016
1.0099644596485704
1.2898516710777506
-0.36125004540031347
1.336971145359603
0.3175024318226639
0.14269863364530788
-0.2999401389232101
-0.46771582308718934
-0.2654781046162163
-1.9166870396048359
0.12148760440061077
-0.8471234225654655
-0.3574200018355646
0.4251531806959802
0.019100612107877724
0.5403868871146722
0.1905900139724029
-0.9484936361182241
-0.6588828925858237
0.5886292820601708
1.0648935800458124
-0.2448371629148687
-0.9978400285213485
0.6588015245070626
0.34701398572175
0.320320601408013
-0.1857193355769055
-0.779864107302875
-1.2973914043460386
0.6342197677050266
-0.5488603124036312
-0.01563459251990912
-0.4226619861542621
-0.4910909450717335
-0.15820586764306985
-1.0498381866927997
-0.05216677927326363
-1.0216641630743741
1.0341502428787825
0.34943966199202864
-0.030783065576534985
0.5906408829775661
0.43887919150480303
0.09553305253150879
-0.6638691381703974
0.17164490490275325
-1.196903815302171
0.6250780124658457
-0.7223927316804226
-0.561081000770597
-0.4143539063541405
0.16341854452184693
-0.2906645645748145
-0.7550257071321032
-0.15359784930819975
0.7260450467187071
-0.6344609517167614
