Type2-5 215
0.5712187200883561
0.7300695302330823
-0.4227620209779823
0.593645025049036
-0.5827382197989008
0.2361736279831784
-1.0684411454576577
-1.0445153802877536
0.5216970141935664
-5.055943106762051E-4
-0.26219530345021075
-0.25334051597591345
-0.5440715581014759
-1.0282078413756301
-0.7403548847619376
0.10455178192723492
-0.8245135512922597
-0.7263352678923782
-0.6207344872331095
-0.21278513142484856
-0.3529908527917543
0.6696627855530641
-0.1862274382739587
-0.6476428920244537
0.09804184438580071
-1.3144495485274712
0.466516024181362
-0.2397704345396361
-0.9816821394562889
-1.7125533497560816
0.2667516178939139
0.6185284334524339
0.3397679098859908
-0.6093048339906468
0.5135786574244239
-0.7005775909853952
0.7165406092646994
-0.9032874684891814
0.09677991868710925
-0.3709824826051684
-0.035782694960609075
-0.5621273668270105
0.6778564251462852
-0.5225114346399875
0.2356455181630801
-0.5293747100219042
-0.971914649715669
0.5518793196742178
-0.14940212184799442
-0.8247988182728161
-0.9024241215480294
-0.5554426708242516
-0.6106111428469672
0.0929460565236323
-0.2965579735382924
-1.0316547872849176
0.40018491196221423
-0.7556751871924727
-0.6682263138745462
-0.23092186637057566
-0.6886048035435592
-0.65326756910533
0.39590532961214087
0.41846913558964494
-0.6967621229236773
-0.08724719513382773
-0.43833937451394184
0.5537382837754456
-0.19790341241464224
0.6293361398667054
-0.39569254057657377
0.032353456934163694
0.9531093426461653
0.08287948095366185
-0.194429309483083
-0.3459473666682325
-1.0239389262170042
-1.0962235896605952
0.17998579073150733
-1.168172514488072
0.25125594992504674
0.09461353837344957
0.4523173998933774
1.4417087687074335
0.08619464957544704
1.046850675076527
-0.6847947808579689
0.8151940409505061
0.08815510383155312
-0.18345029794795364
0.3734570090807246
-0.19080919695634385
-0.5525211810860674
0.5931820013148708
-0.6222809595935914
-0.09231336957017292
-1.476064393669401
0.5505565300102551
0.773495848638347
-0.1357878011837347
0.8045330839112907
0.614159240216735
-0.7506303785736936
-0.3782441484321366
-0.4454745852031467
0.595804058644664
0.28139036893517944
-0.11000102790011082
-0.1299559749847931
-0.8401960278055438
-0.8210381718959068
-0.2708988578512836
0.8019412522792798
0.7961424975411413
0.6045437996576215
1.1790807548978468
0.37039614026742473
-0.6310888973867126
-0.028669333762743998
-0.0018551702626331268
-0.28130041839924536
-0.7946268353133809
0.7689108479103361
1.2583746031854184
0.9389860680180201
1.0812516967506847
-0.28207276997118774
-0.4446932703689061
-0.6188732697776765
0.38563987106807746
-0.35355877165948857
1.131764089403328
0.27962577368033315
-0.1766048238661055
-0.11096797922991208
0.7332453055008153
-1.0675446470778172
-0.5116178844469256
-0.6263419445988889
-0.24690211805694257
-0.7046836821004513
-0.44204569586984277
-0.9795155204248873
-0.19427108442273272
0.43742738676302306
-0.37435325985475376
-0.6192982409218586
-0.1435344640018
0.2358182048792445
-0.7932655668689762
0.7259483176506669
-0.31314528424133675
-0.7464999575897702
0.8931616336472852
-0.9052736609415587
-0.36922212905631957
1.1360548081339679
-0.4432638175176925
1.0696242327366834
0.30048258379746123
-0.8724772175964874
1.1396834192624603
-0.11335001447534959
0.4438409010685902
-0.8964620205190245
-0.2682736753873284
0.8876072018683582
0.0771258269483121
-0.4468982058759603
-0.39490649003323564
-0.05223635085070813
0.577002631731411
0.1189217223302727
0.5371779873943263
0.6036134040919942
-1.001710882493275
0.46804371309028125
-0.32154511744937736
-0.4926798089794493
-0.8200877922299619
-0.3237242257552789
-0.9179442000801525
-1.2785624967198546
0.9955839944830975
0.41859950984065114
1.2198682103240261
0.2626694051823312
-1.0780054810067914
-0.05822067810589987
0.015324921382881412
-0.3793787607304252
-0.009763827519853996
0.27101941458372486
0.5689378200565272
-0.9146544305950586
0.12877703553401176
0.17708562946131157
-0.2503798719995015
-1.129292205735823
-0.991428560317051
-0.7300794938033479
0.3067195698533805
0.9375273947122665
-0.6414446209701482
-0.2940448739245667
0.5973072793634403
-0.5390140184367803
0.7476516065913672
1.0103731970318808
-1.044822146220008
0.4493666278620172
0.03839142339370011
0.8815159348351476
0.5628652204746658
0.3132727386070887
0.22805858792659617
0.07126849777178518
-0.9488232618290267
-0.9123659334333956
0.47144191474602304
-0.596499741119493
0.670600804939246
-0.1130238985595588
-0.4834545486898522
-0.34495126593795017
0.44653238451752697
1.1373965822445637
0.1102177881888669
-0.13903622025132373
0.18506883542207442
-0.5321125439893769
-0.6514966063712918
0.7215321392865055
0.5069891275571132
0.46525463105046827
0.9372188238279292
-0.7620964986115872
0.5828086775862902
0.1358863986267866
0.38333277218585743
-0.24333842631487496
-1.2592271867883595
-0.4906313451261446
0.19401848829143892
0.8617994421781401
0.1701116175923808
-0.4374534716670635
0.7825655518901844
-0.8857445384315068
0.7588009885139642
0.5873003886125288
-0.9698551538356498
-0.8312359522530921
1.3355975690786726
-0.976054823111531
0.22676204841713066
0.6838601495632837
0.9776770068379192
-0.4322373292221276
-0.632160257234582
1.06126314640807
-0.03224686706632442
0.6987370730836409
-0.14710010415796565
-0.432816448217786
0.36502257573733754
0.6302411346355392
-1.389915344756818
-0.9824746352019338
0.454357541011547
0.04719053690780062
-0.32461164132628006
0.16105918174054634
-0.4216669765537385
-0.3027287706604592
0.5313215893896179
-0.015333005531822373
-0.08888122743157699
0.6182005739685605
-0.18641961822991443
0.5087348502268316
0.4452649719112484
-0.6139095305611985
-0.21419313932101888
0.4256760090678084
-0.7240710653570162
0.09292330119400816
0.3897656475368355
1.0517245355548277
0.8814542306270098
-0.21922064216037035
0.9821819754098045
-1.129437739448845
0.3187091622193886
-1.001247352390962
-0.06130344901953261
-0.060301405515821783
-0.07955645312102594
-0.14575760843265084
0.013915871158513421
0.25761624325997157
-0.7169934111126938
-0.1893952400094395
0.04358795545129309
0.6553785836979563
0.7797302263691875
-0.7641956804368373
-0.5413041021230375
-1.159574276497741
-0.17762501428595429
0.3110634451034989
1.1748907843584564
-0.6160292681565293
0.338492529679889
1.1606289270631807
-0.7978780948386496
-0.20955273394489074
0.16046228843443974
-0.15508286383448416
-0.9918299267656272
1.4089513532472548
-0.06877994969010781
0.5215610442553382
-0.06557618656992684
-1.4228390479148005
0.683710493639746
-0.06239804996455994
0.5577079776882333
0.2783688272792064
-0.3533682763445059
-0.5852837982357406
-1.2638077765040683
-0.8769822154624998
-1.0457521631968754
0.10422652049748948
0.4882432424077753
-0.3732143371831457
0.7486056529706295
-0.45441952247580536
0.6916133399583018
0.21701296187423524
-0.9246244762290283
0.5243324127824678
0.1826851203707915
1.1336127056741172
-0.38253854122136494
-0.402925052146035
1.0964779351699627
0.7734843744661906
0.8132601342866952
-0.07411267270328958
0.8954279821116299
0.11896939906888263
0.8345007162122929
1.0233146611370667
-0.9317244535592394
-0.5782834002864798
-0.11685464798026543
0.23321941298406743
0.25693094268640504
0.8108979932935914
-0.09907787524769932
0.3272346599920476
0.2068355816183039
-0.11251768706180176
0.0975226266043277
0.012789114133207324
-0.881915472578959
-0.5285643884968914
-0.8973095803271758
-0.6094830202439383
0.32182827481341
1.1602889293448437
-0.7256164715591115
0.5176132957427255
0.9323719344436774
0.6664443974435305
-0.1202866464953376
-0.8279293470874772
-0.9302494997289442
-0.4212043751707255
-1.3227327363609123
-0.5466313316483261
0.8649951357798003
0.04074452553554611
0.4549744381827546
-0.209369788562912
-0.04981019700005762
-0.3918222475513804
0.7033828448279396
-0.905048604254401
0.2620579318690716
0.28929402637923796
-0.8183486239894405
1.1476949326090153
0.8203490161083382
0.8277867327049877
-0.0673511946522139
-0.038607928924561004
-0.6379475988483136
1.173446002926121
-0.4060601368971227
0.2654351854848968
-0.08322983222015869
1.4455535902611178
0.4320052186713719
-0.2160628619637767
-0.7460057544279727
-0.6439093215860254
0.4117013720951794
-0.5273691928852139
-0.07129938180523496
-0.20359585889382698
0.47704062107960643
0.6475526928190874
0.0123866426223751
0.4681958211109971
0.924568845271841
0.5448581932338711
-0.8684023281216964
-0.6262459638622806
-0.09343299278630601
-0.5005655916525502
-1.0622099157338472
-0.21585317848456392
0.977955209641618
0.44708050553587453
-0.740446553748163
0.4692307725915139
0.8463234113469351
0.6243917865757082
-0.8354106307264562
0.2737328254689483
0.0011916062707899577
-0.6129721057382065
-0.5688961275585576
0.9106225154195213
-0.1913993808774519
-0.8969846654656413
0.6110742132990121
0.19143538613236388
0.8587934103982038
0.35154236210918666
-0.8555054539116926
-0.22293320206653688
0.6534526850616524
0.013836619756025237
0.9627344571180853
-0.23540344881225628
-0.8225674706691415
-0.7728999343786096
-0.7675194307513609
-0.6857617675214176
0.8937886946829624
-0.9066950102678437
0.7586413676081276
0.09885097044996205
-0.32618197545027056
0.22080824333314575
0.8673104761874711
-0.20206538200846208
-1.0174625375595618
-0.7096826372851261
-1.0161422849583155
0.028108343496222807
-0.9779199665075667
-0.6320212738872895
0.9047842254092007
-0.07848785577777595
0.989913350533222
-0.8129816595671369
0.4280932668495712
0.6327836102254204
-0.5561317351166961
0.3775147524167139
0.22365448416214928
0.2133431765243025
-0.560225658640606
-0.8802078385214536
0.7069984222747854
-0.5091907257653232
0.5088806941262246
0.1086021472110763
0.48909460535563754
-0.9078066144160171
0.792358950407972
-0.08968006572428489
0.8717323355455231
0.5832673228751238
0.5788908870548218
-0.2056936110592307
0.2455008130318362
0.8126150903838676
-0.08759743319032517
0.6700432551864006
0.9753602261479484
-0.2922586832376309
0.10103190922489258
-0.6767602225428206
0.8300063471264808
0.7028593998584287
-0.8253315821678815
0.24871936162294986
-0.07690538501572654
-0.83037356756848
0.42294996905417215
0.697910141446626
-0.16555281768098715
-0.6936205768611994
-0.4865284943377221
-0.30827364012720504
0.9998023630790658
-0.5223330502182355
0.6645232808218029
-0.8342688105217342
-1.0119941076787482
0.19090606917798092
-0.5308532023383985
0.716713109157294
-0.892301197543983
0.8357715144645119
0.46861850962262397
0.9963409317522953
-0.32949768440982174
1.1580864620812545
-0.7328234956500845
0.6347298119690534
0.5187107791642944
0.4584777800520988
1.1439368078311285
-1.0450618391300908
0.13794060312083437
-0.44406309954598766
0.5220611420037968
0.6702368168208226
0.50356867912586
0.3402195311844829
0.06261398757135073
0.2658313307929535
-0.8298588034866989
-0.02682554381000779
-0.6724339586564311
0.7136849230778122
0.185818915154446
-0.13392813465315645
-0.15771747330272534
-0.6457510224380696
-0.43821433127070675
-0.9677299485909453
-0.9342932533126862
-0.0251289306131659
0.684991947885472
0.5679072470680395
0.41368404917629586
0.9630488632236627
0.3884016282521987
0.06118150101616038
0.5018733679794468
-0.5619842353912837
0.9250001222608639
-0.07881117404044294
-0.395640033364719
-0.8286602479799119
0.5637488761950078
0.38560515550862373
0.12141527678585562
-0.5866025487042805
0.7944061575655257
0.6609209837350966
-0.9936520488303711
0.057162212206743446
0.5576524928280674
0.31486380275301923
-0.8979434042245977
0.025776333666666096
0.482125647286556
-0.031230623027996396
-0.6964536681948139
0.5680685882718928
1.0275823811437899
0.6658956659414265
0.32384858697993923
0.27545446694614895
-0.5270097899559251
-0.023552868154764317
0.8908183269749996
-0.9351202730100371
-0.4527924368428773
0.6461774575012547
-0.8010367762675792
-0.6971720166125346
-0.07671329301279922
0.11021574920603561
0.2699504273997507
1.0076242867924037
0.328113745253531
-0.17263295348837365
0.2814941312229678
-0.040039300289330226
-0.0214090216017703
0.5633883690007033
0.20551824577862243
0.5221831677485094
-0.6433076677815377
-0.6493671797963192
-0.2986210417968509
-0.6136993448307937
-0.8453671312491118
0.7937581058977627
0.5421284499900669
-0.20788993494498254
-0.08012320587457153
-0.09471127458788783
0.3178262574680424
0.36373575907003874
0.04769472721095713
-0.44059526951379824
-0.5881412808348663
-0.983253040908203
0.8005569195517552
0.7519786931859578
-0.9192107592893586
-0.7484563463524632
-0.2839534593068993
0.07913518457620561
