13 2846
0.016894534170625836
-1.1535747665547231
-0.290637430623402
-2.141883477006197
-0.12160656484518043
0.27032298480118305
1.2550476046947001
1.315507083433559
-0.33829804153918136
-0.5015013842580517
1.319695251805652
1.1240718916072254
-0.9675607613099694
0.40179321291830095
-0.9309860603818063
0.5130867132207255
0.5290917032370805
-0.6182515558996363
-0.08015148711093535
-1.3251177832287688
-0.36311598348156726
0.6594832281488692
-0.8928741394309015
0.04906201111647808
-0.3010313932903828
-0.6460970251567749
0.5470530022714911
-0.2852115253162555
0.23487551021287223
0.03989445401101331
0.35182616382791554
-0.14463512496034828
-1.320570343179051
-0.10291603213051384
1.1971379046678368
0.43836450486211065
-0.6659920424549242
-1.0043978321938911
0.23273559708623523
0.7397446409187645
-0.09345100048977378
0.1198062271670835
0.3154207445751683
0.3318666894045294
-0.3518857941942567
1.308765049289853
-0.10717763705576057
0.8008166953213948
-1.0051133779768118
0.32189912812000376
1.0403982332669597
-0.33174481722720395
0.1393344148949949
0.13827308658200174
0.47137265218843205
0.7232899830297115
-0.7252636246898699
-0.7192675181224246
-1.0469505316816732
-0.548021930481265
0.20443834686865536
-1.232751985398219
0.9945244576891599
0.8494289583728114
-0.058389658434368705
0.4673416331919531
0.014453148703447119
-0.5323792171245503
0.3811139824869535
-0.035744597535588785
0.1262705760824897
-0.4949765837542173
0.5449727157547045
-0.33973443605616366
-0.3097878482699196
-0.13526072083797985
0.4790057244212765
0.11533379862915248
-0.5562280930638516
0.3868660675944041
0.8076031277428466
-0.4047874796951312
0.7192776147458084
0.6158146814157645
-0.4918341061950724
-0.24726726447002803
0.08609477088974657
-0.9429137588355396
-0.03777929409141695
-0.2816647459153918
-1.1408183205594091
0.6847697655457714
-0.7887361181753443
0.0111136663815522
-0.514902611087775
-0.6141719462681345
-0.9335362989869553
-0.9160214335641572
0.770991136304596
0.0635404574889692
0.5237048392306368
-0.22501903879285887
0.14395150558715258
1.2567119914614473
0.6931880210904285
0.5271802309808251
0.7237065147704893
-0.557863552247748
0.24844565339135266
-0.23604335439878701
0.057624695489530864
-0.7585821015749089
0.7765300004173986
-0.7269959165905204
-0.7964741464595555
0.2829082272413342
-0.9599184744031688
-0.4501837558540023
-1.0515104059472131
-0.6941427779379147
0.8754263237624728
-0.854156712894939
-0.7328711637311933
0.07412325630619432
0.24320295205489018
0.36733453119813886
-0.2699169595233387
-0.8922654936021766
0.3453792030148706
-0.6862233377407733
-0.2898054883049149
-0.1595576943120991
0.8732087727574002
0.8643779950000553
0.474393880484893
0.061934096087350385
-0.5182424771862874
-0.41865697541473723
-0.884164251698818
-1.8884475560711855
-0.49609365909940883
0.17126003101430815
-1.084959780036979
0.9621239218551094
-0.18457037233847115
-0.8842926486004661
-0.04134163446874403
0.2249254618085808
-0.11567475451077339
0.6946411357494091
0.07671424013428281
0.7647539915634638
-0.16915809817434369
0.1258874123895973
-0.7354242734313603
-0.19570119879459943
0.09861803160948217
