11 3119
-0.28024817905597726
-1.2966022180024757
-0.5992382526232056
-1.6670207131112666
-0.42850881666425156
0.11401832495330105
1.1351021447405922
1.0812912715481713
-0.40178061681528077
-0.5181821352889818
0.7479115804086331
1.0823521296011889
-1.2616080198503568
1.0919823242927444
-1.6687488765644631
0.17366432438573953
0.45566930609329875
-0.3924555873438176
0.054194707508342876
-1.3876738214742805
0.4780208258480074
-0.1640310070854561
-0.8602226530074151
-0.0645577054997753
-0.6311789499229702
-0.02292963366087697
-0.13291294714932447
0.09260703296023368
0.6607160254649426
1.5338584955308452
-0.1988502128921372
-0.66285177616618
-1.242125166319076
0.4956774315532091
-0.7179596868095923
0.905831692815067
-0.868335523372462
-0.406014580410334
-0.4752514647385455
-0.7632387743372464
-0.2856981040686006
-0.5974096374750547
1.0781208098959385
0.847547789910069
0.5552873770990571
-1.3379692050389194
-1.0479576793193337
0.8966348215544488
-0.7435874384049831
-0.4860754034835232
0.2580188343115696
-0.7156759678060285
-0.6030755387275846
-0.411774890317514
-0.07253525806084794
0.30973615739233346
0.5343153486876755
-1.297600042600492
0.8243812736363296
2.018481924859073
-0.2674589931843403
-0.1459420369793828
0.7245911915758828
0.3810070194134875
1.274764659266405
-1.013920684478567
-0.8145261922559706
-0.9119527240581772
-0.029673602353470635
-0.3198319512161015
-0.7932254304485217
-0.07220808815083966
-1.1164006168056535
-1.517906266161844
-0.17441636046765624
-0.674667960545607
-0.5179158916232203
0.014705060258740632
-0.7704388807546432
-0.0034637154631608005
-0.11396264766536962
-0.12383371064033244
0.5466870453679813
-0.3330868000147743
-1.0837721774407283
0.01974128454744481
0.5085885626062597
-0.11647406040942368
-0.5473843812351664
0.20737699142504318
0.9941496178211502
0.27308500704137995
0.6473209689612412
-0.3932005062709167
0.061177081833900304
-0.14689824960832193
-0.5125424239071161
-0.7455644954291607
0.19572172683597439
0.8717716091098765
-0.326669913914686
1.0552224054738193
-0.010276969629986255
0.9449788627572114
0.19920952482442889
-0.7348320885106855
0.46541857316096735
0.4422059136560297
-0.4817412797543069
-0.8671357156934452
-0.5553618691731619
-0.09841969684470178
0.4001440068500617
-0.23917063989142145
0.2968768759650838
-0.46050900626645713
0.8307573637386665
0.6696875122209055
0.8691829584265615
0.23356737623806623
0.764673458600599
-1.2825502958312194
-0.14429307470634173
0.868756605377816
0.2515435845880951
-0.15458678256861863
-0.44736722306222143
0.7097401463462046
0.740136106363345
0.41838368268294707
0.33367015052913707
-0.013283651340448607
-0.39446727751399857
-0.04942179057835211
0.24510081259270322
1.136766533921045
0.5045325162083673
-0.6799871377445941
-0.8696450192134877
-0.10025329862864879
0.4651202978446936
0.4976689842860892
0.29261366672107625
1.366809614847911
-0.5879081915292684
-0.19428725576982434
0.6500310831009173
-1.0636380935363343
-0.027317852634126435
0.28884861711949034
1.2002525064932452
-0.6545633444322889
0.0031471868522668263
0.9853560021910814
-1.0306767227791922
-0.9178779244220081
-0.8170046136939679
