Type2-6 533
1.658515698814292
-3.5699028841842892
-0.674612134221624
-0.06627813465778298
0.0967648728729256
1.5840824013236041
2.097929099142705
0.4756347339101145
-0.3808046505988291
2.093126360199584
-1.888317486841299
-2.828361658094762
1.452324159455516
3.2014332676260473
0.6597296849431826
-1.8830315713166565
1.2393672991692668
0.19140963925608828
-1.8612306610897176
0.6072646478518593
-0.798138799381863
-0.14693498739211464
-0.9346964763013312
-1.49950109111187
0.04135052894993527
0.7301536029275445
-0.5871750659523461
2.5739119080446407
-0.4427550454441114
-0.24819051446367546
-1.9369841826838798
1.3646596425569668
0.03982340893927569
-0.4651781757832639
2.317078808046917
1.5037671855602288
1.5937403934441188
2.033003933010188
-0.928367158303558
-1.290466021274152
-1.8186066839275274
-1.1392744227534646
-1.5828215010681426
2.236104355860758
0.09661845201996615
-0.16027411019291488
-0.5467888751994086
0.16028929695808838
1.8360694127013633
2.151066891350864
-0.9429545486682271
1.1528225070532778
-1.7567338690187946
-1.0326962857842232
0.9134871950166593
0.10496155409831608
-0.17904364489775165
2.2494088520600632
-0.10984814361226308
1.1830411622388977
-0.6525571246447396
-0.21723392383388093
1.65015908351033
0.8236681769827747
0.943231965235189
2.150665305341617
2.4011638708745515
-0.38806957065355724
-2.2098780269947285
-0.23469692452287153
-0.12626581418865385
0.0064329405386710226
0.9075659378483628
1.3699490695682226
-0.3550951387139015
2.6200540186175103
-0.9892939665382459
0.18045007794135742
0.07880478019399997
1.2060596440773723
-1.3524160964017475
-0.3382202501723601
-2.60905265801321
-0.7993104195119957
1.5941667083096112
0.15565326558404122
-1.6881532681254479
-0.24700378608825574
1.0811714924451066
2.878335851624438
0.43176946601062394
-1.0900753843190016
-0.8293883993927235
0.2882998837662756
-1.3224060144247223
-0.8248402459332049
-1.2220257691323164
0.5283319087249825
1.6889620606773714
0.19751322532536336
1.8045368562280413
0.4814993140328574
2.1539647412636596
-2.49741336510881
0.8119616765189662
0.08020265160799317
0.35534700293257243
-0.23235792610871484
0.9975739230919811
1.7656644593855955
-0.13439185424924172
1.579281234911311
-0.5942746822859516
0.707526736099155
1.502967345506515
-0.5099846951578528
1.3804366593444959
-1.0184332482007246
-3.8514492369386915
0.5383669831711515
-0.15553275210789078
-0.5107594373812211
-2.048946755925867
-0.5031049274942793
0.8134318268944316
2.33223985936526
0.5641709602697382
-2.276327123756664
2.9793831293415596
-0.9737479268989944
-3.3255643745071164
0.6913154192963351
0.3165597779771251
0.08985455152964195
1.0344022317962396
-0.6930299835854938
0.6688963478682985
1.409145104362843
2.173202361666068
1.3911490894682408
1.2497843149564183
-1.9197352052474321
1.4038821828741224
1.0279224442514434
-1.879672897952775
-1.2145770391593294
2.685503967132723
0.5645617357395064
-2.75650370795687
-1.5524687075827535
1.927100371616629
-0.6383774664542652
-0.5024133308548394
-0.6797478740489558
0.6189382045136651
0.5579354313323396
-1.680157204074125
-1.171280341843248
-1.2925428720723318
-0.658357854001784
1.801788599327885
1.868997266268187
0.39343973869881854
-2.427998417554686
0.4034483230519747
-0.9004856522883473
1.693107196928742
-1.9826491687038637
-1.0862502113654213
-0.4201826219628976
-0.14552220994721127
0.4361789251739319
-1.5652999230299487
0.6445053024584011
-0.8013280062072323
0.09038563322850496
-1.1309375430057926
-0.11923667196765797
0.0915423246670006
-0.5939300250296958
-1.1341421638166436
0.38512463146079806
0.7069333524462627
-1.1377219896309965
-0.8043985983048911
-0.17691261973634578
1.929009260024943
-0.4528226212224026
2.29989901892291
1.2970469192567013
1.0342632217140706
-1.800833045248946
-1.625954246673012
-1.282117600306706
-1.0112090702296945
-2.3767886437047796
-1.7038035928673971
-1.6732246707252671
-1.2060904507933494
0.6394646099942896
0.21230596028855914
-0.17740511951030707
-0.17318327961674218
1.1332138493090667
-1.178574872280718
-1.0654024278527532
-0.01500550352594384
1.7078212400504151
-0.7684016758924191
-1.224882081085369
0.13759590932149193
1.9534972186790243
1.4671936334703086
0.305399394958295
-2.1340790977705093
-0.44274159082905395
-0.7756013346780948
0.60273740925009
-0.4087588798708774
-1.0124718474399765
2.0568748906085745
3.092550701056028
-3.0042910611356506
1.1654907825846967
0.2823457823940233
0.6615917346932209
1.0273749951487252
-0.26364075781749907
-1.2168039751354567
-2.5653334133484123
2.0431995042203224
-0.4664800706345037
0.3978868632812734
2.197361473308807
0.012454708617688437
0.736923576480678
0.1468515542847334
-3.619319662887569
1.8898101392313906
-0.4771641709772521
0.9621665529002643
1.9471388759633552
0.046584628526625926
1.8096953761153338
-1.3263749176331685
-0.19201473845320113
-0.24126438899998226
-1.149427529142542
1.4709584822320536
-0.46435277125900537
-1.7917833820124156
-0.6954901111927407
-0.18445954012962065
-0.744274726897151
0.40416922171034975
-0.168133729080324
0.9049678536918759
0.5899900995817051
-1.693665737344085
-0.04086948432049553
0.2135953015031949
-0.028323353207479807
1.055698507599981
-0.781243973867657
0.04607781559884436
-0.5628738611636562
0.5936849835504334
-0.8818353850253933
-0.7344368233609636
-0.9341677814688538
-0.5004379253260358
-0.46317508579207634
-0.6655308446256114
-0.89435936317805
-1.013377525291864
-1.1872340843394684
-0.292389013722436
-0.22310537076335266
0.5617055697092262
-0.7658504357278428
-1.297585457516803
-0.7128452036448245
-0.13147208884393236
-1.1064624373113243
0.5466582436613832
0.7294540543145144
0.3741765818307746
1.1169420180737304
0.023644068468394105
0.42099320505092236
0.40511322254128074
0.9693594197280244
-0.41327929648913
-1.490622021490409
0.5601946556517048
-0.19821863884477342
0.6800295847221796
-0.1628772073423587
-1.2771115492925196
-0.560103100244602
-0.2734356200029977
-0.18383422252381013
0.023858124165983985
-0.875541310444835
0.0941290804911741
0.3518611376253767
-0.11737206174371329
-0.903097032385645
-0.6707897719313222
-0.821622887923691
-0.5255339294771195
1.0153159127357674
0.1330807574622831
-0.7231837681559122
1.083385879971396
0.34340162459245455
-0.9307521880135889
0.7979914097187325
0.48796513363785465
-0.34906791283860916
-0.48777261279817274
0.1703439575516306
0.5520221241766291
0.8118548392840714
-1.3259975161825162
0.6618865321380788
0.676317876525943
0.35589146643201014
0.7197063305243638
0.4407326459112427
0.12289979715684546
0.01885453432168055
-0.2333594206610749
0.07638084742594281
1.6102159057568166
0.23906407998366266
0.45019048276721463
0.005982109228166832
0.509575847375461
-0.9678746243979874
-0.4442738302027913
-0.05460589840206681
0.5145933014175555
0.3916602756942904
0.42075383494711693
-0.7521443694658323
1.2938573235139257
-0.1076849445410418
-0.624802834767629
-0.7208184556351939
-0.5452969871459974
0.2074080158619353
0.5107340898131345
-0.08659762234859684
-0.04407680532216868
-0.9124992114335992
0.045087881534125185
-0.17902200190661804
-0.9795832382013003
-0.6709132755257842
-0.5339196185912753
0.19557222109569958
-0.9168929706410633
0.21426758954127834
0.6410244911071245
0.2522961845629198
0.13244823211912615
0.6553536164476781
0.22677531733806885
-0.09488531336862267
0.04875618518098279
-0.02844271780283364
0.9520636396882498
-0.19691866385970297
-0.5910191281132379
-0.058938338897921605
-0.8077816343515148
0.6711412961614909
1.0575707023894527
-0.2448660376959415
0.8092202930353543
0.39835553010367963
-1.1315935742497578
0.04010590136407405
0.28733935536656685
-1.2399165802073902
0.8189633730373401
-0.28290267976660705
-0.37355433318217135
-0.46100282258802194
-1.0489246396803664
0.2881967291323434
-0.6377252643217282
-0.6347103050254084
-0.11213003040229252
-0.05065888357311571
0.5605018087074035
-0.4389088531541775
0.866821265149512
-0.5272877936577407
0.41276556128520725
-0.7310492430145705
-0.3446271241107143
0.4020325129990008
-0.8701419516497844
-0.8751636021784475
0.6053135031351
0.13349691650069218
-0.8738885810970327
-0.3998423918813865
-0.1908263698191957
0.4711696962544547
0.9128793142579156
-0.4313126583146397
0.4782722150122718
-0.19295282273370812
-0.12063997821737901
0.08682202658738497
0.9348321046708463
0.2823283530525803
0.6632561227265125
0.7681452011361869
-0.8450521739324606
-0.618551535089793
-1.1720432973504262
-0.2079779980750541
0.7948277557989721
0.7670933023000471
0.6515748577954052
-0.34805861446378883
0.7893952456014875
-0.6671414601000781
-0.3324958629712376
0.1659192628354529
0.2819224581545511
-0.2806630271820387
0.1002926927777752
0.3226369089744223
-0.9538826124355297
0.5151117189871645
1.18126228325512
-1.1508125435728045
-1.1676056454914592
-0.1365036040635127
0.08046932784448074
0.126055569986663
-0.059989184981828966
0.7489186231686649
-0.05450042509114369
0.06926471129586777
-0.6728443234031888
-0.08341026890079792
-0.37139753116880175
-0.32248094513178666
-0.5702726292749947
-0.338122376411235
0.021964055185986153
-0.598358699506957
-0.5509709987063234
0.3620981735572819
0.9452970426966034
-0.47644264911474676
-0.7651427238650734
-0.3127590190219035
-0.13256618619650207
0.508890856960117
-0.25521002581383334
-0.7099166482490076
0.6038095858377215
0.6978750385921327
-0.9376900172179585
1.0680637266120185
0.13018023791863487
-0.5522929572277347
-0.003580499698573103
-0.5969161596921376
-0.04936948068752037
0.4356190075276343
-0.8439411580904206
0.05226758285607668
-1.2965428194876332
-0.4514772710142456
0.5456511084610729
-0.5769141095357023
0.5741270469889731
-1.1753433811134348
-0.037333618237229096
-0.6826970181693783
0.29639359240717084
0.09466435472286668
-0.622350383392288
-0.41950372852793055
-0.29747016554944467
0.5831072300195841
-0.37984609208608666
-0.587654324789199
0.4706034255349949
-0.026481054728389186
1.0510396993966689
0.389885233486011
-1.0477747225797425
-0.0735109455112352
-0.0644708242636039
-0.2307062981080262
-0.792361206572509
-0.1710889176041886
0.5993750747690842
0.9831830193954768
0.35153893755237736
-1.4314325640325163
-0.20881871261998058
0.2167028868561498
-0.6192102214410978
1.2402344017537215
-0.3312187752865837
0.5355265665157447
0.8908250841435252
0.3793822870450938
0.04168705411499521
-0.08052305250415721
0.43791956320820485
0.3033545380862625
-0.5585586681672133
0.3197413569033064
1.03075580904895
-0.48508725041271084
0.3818572256314679
0.03180554792443903
1.443575618519886
-0.38466607398827024
-0.6029066717954371
0.5162652127070005
-0.24966858760088062
-0.30445820945216906
-0.23303764889181955
1.360543778473483
0.5304781866383281
-0.8061048975198535
-1.14477957854387
-0.6575257760749998
-0.7658691702221627
-0.18910794633180464
1.3164858412398637
0.3561406996294445
-0.20785617046124938
-0.33885121265628226
-0.6549586858937285
-0.31049379419383355
-0.7060448425522347
0.2216678311721155
0.006258578742068532
0.529232735219087
-0.2552586764339344
0.37854471755687835
0.3908848817693978
0.9057664506689924
0.9731343434047086
0.6733097919587969
0.8988438963090793
0.5267829596064761
-1.110856320760288
-0.7748675985593019
-0.239014361951538
0.194635278784163
0.815596145244742
-0.3922712916328761
-0.03001883375978931
-1.3326637204229193
0.7101418438546077
-1.273299680016146
1.1976065019012965
-1.1374050654919643
-0.8961755935874776
0.0511289786805198
-0.4233890969258323
0.8299036168030859
0.029074397116878314
0.31700237404798437
-1.4118596126557121
-1.1056316010334015
-0.13786747400369348
0.36992599493186173
-0.5705744208279866
1.3333826363146355
-0.9726687774472184
-1.4256090307956693
-0.6909104448044104
0.7548474482999274
1.0118828391328096
-0.13147846183731562
0.7371638560035945
-2.0004340456079723
0.6168773701278005
-0.048915951044226955
1.2549298659803727
0.18608956797690496
-1.0712066611633195
0.40788607730953397
0.35089677391831803
0.2603003289200438
-1.111678331379596
-0.23150102225115318
-0.5805597761972192
-0.5234868450790695
0.4943661920697049
0.5319868677220605
-0.38723051242397183
0.5299769176882859
1.1252303173626774
0.35999212038336736
0.675643457636187
0.19278964400247
-0.8414311232519964
0.06277144091936508
-0.25963866530514046
-0.3503111072144928
0.5175599801555489
-0.4913912861284284
0.6315505868926268
0.016165755977069207
-0.22236671648121537
0.17438276159841248
0.04959586501035472
0.1280166251532366
0.39200894431104716
