15 2951
-0.4781181461576142
-0.43701789261907525
0.4848221218151133
-0.8679043765910464
1.257896799705023
0.29877155879433115
1.1211411557916873
0.3152998640812954
0.705980204764431
-0.5441548486309302
0.30933735907360316
-0.13395152918381018
-1.3495183795045405
1.3571304672802365
-1.053999760661125
-0.8440617819104754
0.9849119657976738
0.6765924915460912
0.6626366921089567
0.12916940004778305
-1.3702483316438747
-0.60931395193934
0.06792662916770681
1.0781090523171895
1.1216424312465345
-1.3192750113987695
-0.11672308850701155
-1.271101337147401
-0.2656316455638147
0.6881972449810065
1.151605857179953
1.1143831488980258
-0.26991075435781203
0.05982241102113443
0.3963952316618977
1.462224925689823
-0.17950486064608576
-0.8714430871663212
-0.11594842681285775
-0.8362229603503191
0.5456554159534768
0.49282112003834566
-0.29125252484926567
-1.3901354889167186
1.260650772974502
-0.04881631326921326
0.1757784287346869
-0.800753531791581
-0.4185163544718712
0.3084754502566043
2.047204585499181
-0.7674212172820298
-0.8656930170535285
-0.16072324586116785
0.38359636551241355
0.11796305560226286
1.2341528607758487
0.10867398825070917
-0.07070838148118616
-1.5521015587261655
-0.1814852378548335
-0.15186628717440862
0.21255091627803008
1.3777095574073606
1.075399463129532
0.5467413030420956
0.6073706140195358
0.16903981606191984
0.09752043338535728
0.6159574991452446
-0.16926611392128896
0.7944240758105692
-0.5233466011952369
0.21051817703616826
0.9599740503241738
0.3846303049237997
-0.028925489269478993
0.7395489575072276
0.5283849439624702
0.9827085140453153
-1.3664472984476959
0.40683732303879494
-0.18484175987425705
-0.0011155924404547268
-0.4046297328443344
-1.2293534022822192
0.8021976405551481
-1.229323544671375
-0.22023622721525044
-0.6213251170531777
-0.9171630430814506
0.4272911583280641
0.9904925315953946
0.7122493532625371
-0.4211692273582012
-0.9531595797637069
-0.9124700427873597
-0.6538568885060642
-0.39474320169733923
1.2490306216381108
0.6062809784837848
-0.6836571920266259
0.6567946620876558
-0.1428623196902375
-0.9796615798719175
-0.4940710698813314
-0.19276844296421966
0.8896465449050163
0.15304031837614496
-1.8758159830696504
-0.85063081074178
-1.7325262788344613
0.8612092263271367
-0.6497206974838192
1.1684183435411866
0.24817689117118807
-1.736039309148394
1.3196173230509545
-1.5592639887092248
0.6219991495489298
0.22751807355824705
-0.9537018448261357
1.6163957100997866
1.317121621223674
1.7018447041369467
1.0153352855351017
-0.39947661652411204
0.7745162033048756
-0.2321624027219884
0.4252649099465825
-0.5505045101378179
0.4180368809867801
0.44984427499657553
-0.060959353690155094
-0.40398986111729546
-0.07519455302666983
-0.5992753812129381
1.5693747152857567
-0.9733359059080141
0.7265897702257424
0.34121942285627116
0.004963847329294058
-0.7394889063128374
-1.8671768788615406
0.945910434319383
-0.7891976208302205
-0.015999885834259986
0.7978134702027739
0.18161280762405935
-0.1181096572111094
-0.7757074908976184
0.25424918165071325
0.8956364213988444
1.976382103096427
0.6593455792024951
-0.36301455630976615
1.057947831158539
