Type2-10 736
2.2391332250175244
-3.440255012793242
-0.39294386338745885
0.6563808940454732
0.1473054492915512
1.9399604492335436
1.490765702865719
0.25585891276821593
-0.37386078849183335
2.078868258643625
-1.94751404800462
-3.0119742526061954
0.7803147728204766
2.754597351093556
-0.1695716888774265
-1.8602754588260992
1.654565849530773
0.40705399283537325
-1.4261398456606287
0.7701940242797077
-1.2944168386566497
-0.40970868784375114
-1.1653368644259556
-1.8399303770528626
-0.3089661175120208
1.0352498558753764
-0.9106002529629383
2.0476689355031965
0.1425952870924531
-0.35207367254143607
-1.3252950735251832
0.6482552520424815
-0.026461483970577127
-0.004116172715013688
2.1734078076718077
1.1859694671640877
2.3026533394738107
1.4832010494911914
-0.8674015739847236
-1.4770764354615227
-2.098451486206806
-0.879082109225223
-1.8085605589243814
2.433535953597378
0.06195263690711775
-0.7029021006282444
-0.45894620035037237
0.8480245508246642
1.8954027383076975
1.6960483511808762
-0.7909510491514127
1.5380187141826394
-1.6453173936356713
-1.7479393225603033
1.1786911519065548
0.11251930333353538
-0.34407933896390247
1.9041439899722992
0.3863690235103247
1.077662396212777
-0.23136141149675316
-0.20230463836906146
0.9211497018799418
0.4622496258149817
0.6913733377367415
2.0793407818249507
2.74006622006813
-0.5557522554196984
-1.7148638597132462
0.4606506579923596
0.24546335391946378
-0.42314570363989523
0.6015864521468848
1.4531883654615114
-0.27421462881444686
1.8491167959194432
-1.1530400888743118
1.0191203552539332
0.0901121463215808
0.9295868755480905
-1.3328454330702895
0.009052362845743345
-2.827712638596819
-0.6053944833242914
1.6941681865411737
0.3523167373431938
-2.022316986377955
-0.10163889649518726
0.7868407624005004
3.3706457077599237
0.5321845420957156
-1.328378705910239
-1.3371236212828932
0.321960602199768
-0.9910780958610668
-1.2113529833708145
-1.1620061835457711
0.8198754217333285
1.812911612794078
0.4028406321053957
1.1162691782657144
0.18490001999075886
2.165828989653791
-2.366259232540785
0.6120077956658787
-0.234508110749048
0.5027089220583184
-0.13047576747843267
1.230625958204882
1.9047370482876622
0.1364533121872683
1.661562206714036
-0.5146021875879632
0.8834545348635467
1.0682530463160005
-0.17763004450708056
1.942621540762859
-0.8257174537546388
-3.2124923688135154
0.3937766743758995
-0.13715401723322923
-0.5557014470250898
-1.9810548466164284
-0.021502320688871313
0.9433339936370264
2.5151368569697965
-0.14124354468053507
-1.8635945356803305
2.9306296513312065
-0.5475902370020186
-3.6961522799837967
0.7682765116295942
0.6816497752188473
0.30486928952002795
0.7935486266254251
-0.16544381447685783
-0.13357399166500428
1.0712226726734315
2.6943941139618137
1.4545395977917233
1.8427642698922024
-1.7325676326245687
1.8755910466355463
0.4719204120350125
-2.3829933847576603
-0.3722595101328322
2.227554617664337
0.5784867090056828
-2.3939451171503308
-2.100964217050155
1.9883367901677214
-0.5667403177342434
-0.2758651462914124
-0.7071593401828344
0.33568128507106515
0.3257911205737111
-1.6621999001738497
-0.6430725332431533
-1.50941117616821
-1.1515955373460456
2.1826600038916686
1.600460133899808
0.6198135726321874
-2.330408579861426
0.2519095564040193
-1.1960427393878934
1.7294595944251063
-1.4177236473973265
-0.9056260924078564
-0.26069590723167213
-0.21769024562765585
0.23366717452588204
-0.9651560674905365
0.6588454722416777
-1.138011272360891
-0.5428129895746301
-1.1715607907109737
0.30190327001552886
-0.07979315754848329
-0.17588138905303616
-0.7852960576666088
0.43706833417300023
1.4823902743969712
-0.8088312496975242
-0.5987832089399956
0.02722732233877319
1.8552032348840166
-0.26427880081687416
2.742562513484566
0.7746496501509871
1.6914317861112085
-1.6626022785709202
-1.833909828233143
-0.6044224560449104
-1.0345279238433838
-2.9602299524529823
-1.8301936657216729
-1.9394445548943984
-1.0980966135482184
1.3228630844659839
0.013098607466653017
-0.3464238946645013
-0.9335433665275752
0.5552451757134548
-1.2859749852041475
-0.7961274012563584
-0.02318541076955205
1.389811264767864
-0.6389019190938647
-1.6409718144743983
0.0754175647103011
1.832093835998078
0.5423439232312655
0.8043228994341287
-1.959492744888046
-0.47087762628968927
-0.5565433586573815
1.11925723734476
0.406818001916707
-1.868115402813755
1.5894138924851342
2.736124197590744
-3.173414459600738
1.3002860031234853
0.7862267659031157
0.44592876636457324
1.3292868032759149
-0.5922629989692758
-0.5776749289691672
-2.489153833356932
1.5185266353516227
-0.8087650760674628
0.4464034282505398
2.5133560270240927
-0.05581458027414367
1.0738310015519124
0.4740843572483868
-2.96687199646819
1.8475834401857945
-0.14834613137119168
0.9555643056970251
2.425193016360189
-0.9469598050963632
1.9005067308148027
-1.4527080794140355
-0.26062330438353354
-0.14081181836835555
-0.8055081183686588
1.7642198191952934
-0.35488540924019774
-1.736851858786221
-0.7996647835823544
-1.0180054083930064
-0.8571384720694312
0.08868589426338497
-0.16348802320082276
0.48171172449356625
0.5864700495125964
-1.4461255512707885
-0.018971658204530853
1.0807152759983207
1.2712184716360433
1.2278893380413882
-1.7854372205926803
0.19506405040588887
-0.6810502194108231
0.9860291642665433
-0.11774946762925442
-0.3208754952968148
-1.1055006926559505
-0.5175053740972175
-0.7846590643752098
0.02323934331043878
-2.025724289777975
-1.013377525291864
-0.5684117983561234
-0.9497206479291963
0.4123678809209643
0.3420741363616566
-0.179328038508203
-1.2093825112023004
-0.6679337411088003
0.08715376321045132
-1.0372871224734097
0.6481251379317828
1.1950538525951915
0.28456188608232585
0.41132255250178273
-0.3939725542831852
0.146102911498632
0.3658800438808321
1.005861894861595
-0.1194770609946379
-1.286574415822891
0.3180414778870965
-0.29565145056110664
0.8000258583759243
0.8671522208604177
-0.8160199752729818
-0.4782253526091745
-0.3134721699922243
-0.16048988906421766
0.23107652726523117
-0.5528855959464762
0.7119366182659295
0.4345397957329849
-0.36875644806845387
-0.7865799155325406
-0.36470446797964984
-0.9672997053089731
-0.30984031701907583
1.1494598230294057
0.16890228571090427
-0.9478312399550854
0.5288053767799819
0.39655603066339506
-0.3614349329801367
1.2901146872999398
0.9883323604143464
-0.20040860602599336
-1.016749960024233
0.47256339126776453
0.6550441793159172
0.3568687069432611
-1.0820448813601231
0.48427445253450463
0.6546744355558298
-0.297651534709205
0.8073535310397981
0.20861895938605018
-0.4975052583512844
0.15179527116404168
-0.520343489379286
0.12197574217152618
0.8259342006177767
-0.30275709968667347
0.5989421905183597
0.25479129037180837
0.7948770635172665
0.46226044953452505
-0.2370335724794335
0.6095693265372628
-0.587687396762518
0.17935181655350735
-0.2843927358446028
-0.9492080927104659
0.8540948043900685
-0.5280782945792408
-0.07576038945940022
-0.25701574554390344
0.1724756228518476
-0.02877638301134744
-0.014785554315050575
0.014662969059156872
-1.1586514041373195
0.06526286795872155
-0.34046364939283835
-0.004258578566632615
-0.7022945031441977
0.40189343013230505
0.10428421284770353
0.2739576274990776
-0.6953447250461822
1.1678380759467568
-0.626833197955638
0.029044632916311448
0.7304356629074527
0.9354564246809982
-0.8040886573145001
-0.16663881997592922
0.5644503573412796
0.29840176393447626
0.3963686105483108
0.5102494800633036
-0.7521850530445231
-0.7032565629881526
0.16100954903057116
-0.9501177070915909
0.7058591330953439
0.6287982793988662
-0.4614959968331591
-0.5272489349452266
0.5431153984268411
0.9042597507183895
0.10365938427377733
-0.9533982550376664
-0.4435279333578157
0.9293218365058311
-0.07461079493053879
-0.4615169863011541
1.0810164147217276
0.3780130717086274
0.45319292188119564
0.4644078392425959
0.39719453741467364
0.8465929662631126
-0.24683045038684867
0.4444262862200398
0.3172026415104262
0.3007451320404475
-0.7703203446898449
0.5995446754270557
0.8407574807990419
-0.5541799373507534
0.7511918430543367
0.1063927694408165
-0.09891100496171384
-0.8583444681048278
-0.7058059204547693
0.21698939508645732
-0.9196486026039201
-0.2567367359525061
0.8007679125827584
-0.6110908057382805
0.10166716234109491
0.5416621583747745
1.1436578465851717
0.22504410887163417
0.3038315292674074
-0.10451766581802786
0.7357374259303164
0.5745545999036659
-0.7035574279432284
-0.4675560980707688
0.29873799483354657
-0.300367664862781
0.052746174606447704
0.5114549903855947
0.9856262749079012
0.8570807620546095
0.09459742753753517
0.044346914072183496
1.1129189702649112
-0.849857482179651
-0.30224374074848526
0.06186682216485928
0.6601190901415305
-0.707285813902163
-0.964705351907754
-0.7545102562515456
-0.8726430866539037
0.07875012002328421
-0.8221826158786176
-0.7696215202474146
-0.9350679636926309
-0.6857874695381426
-0.031213258719463344
0.7906407340287784
0.27167063383146806
0.05770303299523105
0.3423700170037019
-0.0853603906240683
-1.0251311541636372
-0.9993013522740033
-0.6057386694616022
0.9000341491890411
-0.6283870431600702
0.8468227149387229
0.5844549168819211
-0.4026029149719703
-0.7322961548393244
0.9803218362929333
0.7376247519745813
-0.930645012851142
0.7269199420710194
-0.77629166542366
0.07730886304654905
0.5268472087663125
-1.154914098538982
-0.21785595852166617
-0.302014234415591
-0.9496268380092616
-0.939572337932437
-0.0681930475123664
-0.24356863203605952
1.0628886754718723
0.0593689846948835
-0.5162961602909399
-0.22381324253060395
-0.17383919614815402
0.2795112029387642
0.7908398349771883
0.07036710101488688
-0.8001102756443319
-0.29767195710605665
-0.8697103120848247
0.5979306388513088
-0.33995671922630155
-0.3415059087688187
0.3012896586539646
-0.0068793594970968375
0.3053726548421394
0.7809302190681152
-0.28260506822649123
0.6074186165765081
-0.8346877606494338
0.02734291930983418
-0.4608741610431111
-0.6594226606834841
0.5895759801834621
0.10620821377412099
0.5250325156108138
-0.31046705564512544
-0.09798304121418372
0.8435317237734592
-0.2822797575801754
-0.38249282174616184
0.7368322452011276
-1.084496075308471
-0.7906263657796393
-0.09024540343162099
0.1001678952499856
-0.48160421142936916
-0.34031395925367725
0.5303889965750757
0.549446389936584
-0.5727983877291327
-0.5142975068557372
-0.21651278516646966
0.3313250707957158
0.7638308950935278
0.21027713569536785
0.9967487265547973
-1.1776213224036238
0.07887122683429748
-0.5999131436712937
0.3953883408283633
0.26529372852761196
0.1457936786352616
0.4215881989885602
-0.5292133922844591
-0.2680920369880746
-0.813715037267352
-0.2870418494333318
-1.1710341089255252
-0.6491485373689483
-0.8987358421262888
-0.7415299085228926
-0.17309572889171093
-0.448376161268786
-0.5282376379683702
0.8653003092806215
0.4964759933564058
-0.1404658663059497
-0.29524111887927873
-0.8247807467426547
0.49996597074318494
-0.11906342869572147
1.1551221418377149
0.9325400854252686
-0.4978708790200792
0.6784130589218096
0.08869483351946736
-0.18902969014719223
-0.8385058373021804
-0.2595666689376017
0.9195080186476978
-0.8053285012033343
0.9182853093656482
-0.239575631842728
-0.26526402259164117
-0.3459565902298256
0.5325291072022855
0.28528014803289614
0.9503159989106329
0.3719523276382133
0.0042236597058935565
0.11879432030529213
-0.26466678443144587
-0.3089159725998844
0.8066059711062332
0.25232378746097095
0.002599407211656385
-0.7158260370432037
0.1644530463831806
-0.5088459616692567
-0.30080434746091667
-0.5769908369558824
0.9486820066814428
-0.29240288995938146
0.8108508792353635
0.21318788755761142
-0.35997161257120514
0.6982907448666562
0.10983691350310411
-0.6454623071008718
-0.03364354738655151
-0.47099603226427844
0.19259094622511988
0.8875220737181638
0.9549242400643922
-0.85635378987301
0.5376286340825254
-0.1062517528913191
0.7436910596410521
-0.9840318646303492
1.182806622506933
0.17612779362489817
1.253471026300156
0.5238745643914686
0.819902713848174
0.7571288179866247
0.2994695520845161
0.15169802658908216
0.8071408535174687
0.5851716122219421
-0.19488081926882672
0.3207724990478462
0.7204445964226983
-0.841507018762955
-0.468298757856459
-0.37832913152195613
-0.668022401636422
0.8804810088976917
-0.1859085675189119
-0.7693644412747868
0.0698653594022558
0.5882154819951303
0.9758678830062855
0.05997360202767443
-0.37633083758994457
-0.9414446880934122
0.7344426547661408
0.32001530996724326
0.3186777580417103
