bobot2 296
0.09563364116350172
0.245400082712733
0.10870843315549779
-0.5505478455839719
-0.756259493262251
-0.09241634596100534
0.5204157023517586
-1.1754758819511664
0.030695580935531874
-0.19562139985993998
0.27640486863837843
-0.016995661895707892
-0.8216666245946999
0.2522514518401298
-0.8095885324299477
-0.001182494855609003
0.37697753546264584
1.1840373443452412
-0.3753889960198397
-1.2840971921661342
-2.211153059769334
0.1321242533484014
-0.039425744626294904
-1.6732969431766358
0.1450551836279936
-1.368794324862091
0.48601123020188797
-0.686997280742485
-1.1338161349370062
0.747578507143827
-1.6989746543930302
0.2028376300623022
0.28442953269603216
1.6294904613994399
0.6849450105506816
-0.13044598953058484
0.00636018768780669
2.2724078600837068
-0.7832895821888166
0.6330806139636128
0.6208796117663158
-0.8637220684206245
2.2076109845038863
0.32832996685374655
0.8063779038927423
0.22330146008022303
-0.37496443405503055
-0.13807913876332714
0.3128475007557041
-1.9625313164125893
-0.08957716946185584
-0.07109952934709499
-0.3360462371915109
0.6508462272927139
0.5478322681318416
1.056156659156555
0.698610653201402
0.6877081907044835
1.334307183420338
0.2877631452032873
0.37550904108103283
-0.6962111911608964
-0.5696089257474607
-0.8562620709814921
1.8783932362622984
0.23644179254989794
0.03920276395024885
2.1378542927411037E-4
-0.8476794797561737
2.020965429826992
1.6516672991085792
0.03643517951371432
-0.01818728010983009
-1.0682112848670688
-0.21209306466730007
-0.7865905107074632
-0.012395245735901457
-0.4599407630107647
-0.5878520567883838
-0.18405026063034197
-0.6710337032933538
1.1924850861802512
-1.5537672663188247
-1.3061742423629905
-0.32726393397110415
-1.11696596368553
0.14114905321946475
-0.11673163436957637
-0.6902718662709831
0.7647565801994063
-0.865239156854576
-0.11750339439439406
0.28789007269176736
0.6689046622594664
0.2647633806386562
-0.8275100049853834
-9.758356700402537E-4
-0.2287113547043451
0.1937251967384548
-1.176902915295251
-0.3841994716374101
0.49597051283514243
1.036453613263601
0.8395194230448146
0.7060427644552891
-0.6932858513457855
0.7573394194603336
-0.027630304558976537
-0.3042134107168005
1.012178753569694
1.1396442766351038
0.2200327948269307
0.47171131015042556
-0.7575345290902133
0.9779850399755002
0.1192856704637899
-0.039513502411319346
-0.3824813151901857
0.6732292866563949
-0.6638431736700803
-0.8637314727516068
-0.15127639608133683
-0.7973202602289928
0.825808217236309
1.1311460394038295
1.233346370165982
0.8259122584591891
-0.08628083350704344
-0.6424507819830296
-0.729532111606292
-0.2474127543041403
-0.16669676755638568
1.0796801909141218
-0.9291869877550067
0.6488009474217374
0.4064899546406207
0.6224328153330404
0.6158291392180301
-0.39835378138544497
-0.22135578690381938
0.9834942955097834
1.0927171981318868
1.0006815700999028
0.5087465661162538
-0.023564124278214457
-0.38007300218697226
0.5520548006833925
-0.11911521361307498
-0.4142545076753832
0.5019176166067603
-0.12422356395849099
-0.8773867905242491
0.3518171006271876
0.06601932811253222
0.43393408276410056
1.2313234453120123
