32 3456
-0.4642722072053974
-1.3272108493132866
-0.723840591777241
-1.6670207131112666
-0.4237937053280433
0.11401832495330105
1.0724828587227715
1.0812912715481713
-0.22248927588320278
-0.6063121169530399
0.7479115804086331
1.2832790952183242
-1.1665375655493486
1.0483948986818699
-1.8533328581036788
-0.04324943811030563
0.7335820427161439
-0.8111109485671518
0.02227589983304399
-1.560323819444125
0.37350736917317584
-0.35499279283030916
-1.073492949677464
-0.041614629934074235
-0.6311789499229702
-0.011338766791743254
0.19906290103157437
0.08146869004450724
0.9284306942322474
1.6332273509971937
-0.05531737451473051
-0.6821361141497153
-1.6812569888389688
0.4856425390215981
-0.9671485575814751
0.7818526912431042
-0.8379087028418426
-0.5791774513549087
-0.31449751001386217
-0.9857970827101692
0.0953723477638177
-0.0726384154080526
1.2273758837044044
0.8826890224505529
0.5552873770990571
-1.578760453992043
-1.0335205779232743
1.1689719407626944
-1.2844588709537283
-0.34405998686279293
0.6219322062782878
-0.8319379617597846
-0.5421495239268728
-0.6502913465109691
-0.23267208235760078
0.47821852516761465
0.23465814740488522
-1.694689771517586
0.6491540351944326
2.593196400252967
-0.21526412117380933
-0.1815518854596799
0.4054215255741128
0.3499730258911222
0.22334508000424808
0.6491929910641119
-0.7934026415332547
-0.8416903105220435
0.0707904729403031
-0.1249595108823637
0.8362464258218001
-1.5061614894535147
0.8062448229116926
0.25138797636152743
-0.5392840548383582
-1.025623465770618
0.6616426136308928
1.2437203986224696
0.3378334214568642
-0.5340743103242899
-0.5472680654786972
-1.5084079986796999
-0.8856480007337653
-1.0441521855361042
0.506549756281356
0.20111043080334
-0.3752345496723489
0.21234329045341688
-1.2374917611086642
-0.09790731695977584
1.5192592851050788
0.12002854460756443
-0.36463204369333435
-0.8318101934829158
0.24949025597735555
-1.1857592361499045
1.0632369162281772
-0.15458092704184606
-0.1039845688903176
0.6824086851937332
-0.17809462347492305
0.3010245048545598
0.08800127420151305
-0.9787481278939356
0.5667405968673621
-0.9506026504313748
0.20145218037953547
0.3527221328160809
-1.186884662580836
-0.0015016650150079247
-0.7648080727777348
0.7903350849970366
-0.6589403169610448
0.7446668667135011
0.844806197296919
-0.6600875208411243
0.22112109712306838
-0.8570807972192822
1.2150324975389935
-1.0312656602772816
-0.2502017441031762
0.02793401541647894
-0.7836732585268892
0.43627954742620934
0.13134500921655684
-0.24540104293119364
0.6897762032867119
-1.0448685892933898
0.4246292052708093
-0.7864120706642195
-0.1484193050360652
0.10963658916614505
0.4353987382135454
0.6262597115943411
0.8671181006833072
0.7626923829761504
0.8834001542996943
0.4741569272363054
-1.7689564069678285
-1.2713430146232312
0.534549692576003
-0.36106725626415825
-0.7483592470862799
0.17975854274562364
-0.2987041379125864
-0.6419208556487638
0.2755418077164916
-0.7206826006613061
0.27551377305975844
0.4018186775415499
0.22076008560551758
1.048451168103274
-0.5718647484161747
1.2914234833289764
-0.8225386238406719
-1.3467100736879853
-0.5286548685920036
