24 2749
-0.6873987626806959
-0.9155377906039666
0.4355029546474545
0.8863519431278604
-0.31955538500622716
-0.8675254906349428
0.011877511102105442
-0.8161633570614293
0.8649293073051907
-0.6577751579133899
-0.4674854705489
0.23076083095079714
-0.9538146846465239
0.6787198735798976
0.10271288668687384
-0.8334120806558893
0.2160227674411146
-0.47300826236929416
0.9575259295353864
-0.093164937069802
-0.5015813508228233
-0.8348283448719489
0.5777511005198692
-0.36925746330210174
0.1638079361056457
-0.7753435921095819
-0.5913101776265279
0.6505980305301537
0.7532548047345793
-0.018332802447077468
0.23935470683900095
-0.6248208717259323
0.027409221486175195
-0.2985468559349507
-0.1201179013814413
0.9879801248393725
-0.18351855424840746
0.19584506263464685
-0.5825171874083863
-0.06840653705229438
-0.7287036669309146
0.2568183978848848
0.03634468274276936
0.32281795368347943
0.5018150952060578
0.6931767531251045
-0.8455227394454032
-0.9812300965564942
-0.8616567234905657
0.3244212681248704
-0.5394324798184775
-0.7875238846015324
-0.03803023091391333
-0.524676213562731
-0.6735062790299866
0.15713098608320175
-0.5753899256404325
0.26667510128195193
-0.9737776531950768
0.9014027725619038
-0.38464400321359693
-0.6878676148223337
-0.7906087599837803
0.7638777250593369
0.02866132163281976
0.3080434148033071
0.15796082418596158
0.6829330182427318
0.35122149472235376
-0.5574217335224207
0.4968919829433631
-0.45096627144933077
-0.5917669001729988
-0.44754813141283356
0.2348892739580155
0.1596512631651088
0.3960474792031714
-0.4800255334359673
-0.72117583114973
0.5327043737011028
0.5770610023781637
-0.469880283339128
0.8955328480511819
-0.027373825588876244
0.7240117510337052
0.49675392256696593
-0.01273957333007325
-0.4961349036470768
-0.22531808724356894
-0.7808779971781254
0.5021012339894848
-0.9301703526224261
-0.6056679836544412
-0.35585993907198077
0.8183641670092161
-0.7590100021472566
-0.5579781737616065
0.9869964238846356
0.5218686873350036
-0.9159464944755824
0.6983014254930398
-0.5979825428659546
0.6377565123344944
0.31483370723384585
-0.3644176881356367
-0.6022939501866686
0.08348113121089673
0.890635037101057
-0.5011708462350717
0.25431517539084103
-0.12278375396177732
0.7936796233431245
0.5130380695277683
-0.6707286673549961
-0.5339980920046892
0.915305197498512
-0.35470186014207816
0.3252154639078213
0.4305250993608203
0.6713658211874194
-0.9769416275799259
0.34738350245388805
-0.22149001889940578
-0.7375288622433935
-0.1534470302244637
0.8914998630661635
0.05627132844127081
-0.6615977611942341
-0.5678358803783872
0.7803118732907321
0.5880617994007731
0.2342457404848184
0.8848299177901877
-0.49365428493446784
-0.704576531663023
0.9164908610760261
-0.17856577216513525
-0.5595826191347484
-0.2461698099119618
0.31053688170835514
0.5534419384171465
0.9298854154439737
-0.5885125899985126
0.7767621144310715
-0.8141276133040034
-0.5624143651352405
0.22523263991061127
-0.8394913918402105
-0.7989689170259193
0.5618406649091909
0.36105885097336765
-0.9379609154151409
0.26924815998094065
-0.9701092801076558
-0.9381389956306114
-0.2442729173617335
-0.7347991186448599
