35 1802
-0.3099878924969164
-0.5663866441998658
-0.9420828961293115
-1.7517541401962193
-0.31057549981097576
0.03720979168399094
0.4019523375170195
1.1158664861159866
0.0015457910533640262
0.9608014672613334
0.9477909905579254
0.9842657135777734
-1.2678631925229489
1.371005935064298
-0.6159399102652949
0.2953938186155848
-0.30629975245054275
-0.7484741028158182
0.06363219320931326
-1.2410137478832306
0.0851459073978173
0.4022237536044857
-0.23365922960138827
0.12229835461108832
-0.8293557271115295
-0.06261954825557314
0.5900140007377804
-0.5272139332412438
0.7138423770416583
0.29181037877303145
0.5473794509003213
0.1791418014115295
-0.14485860406416395
-0.5558605663463181
0.7257622898068059
-1.0197963252761906
0.6675394421468384
0.3415418142981871
0.23307573044348012
1.2773647984080154
-0.5621002572218634
0.2636295715368976
0.9783314260664435
0.019670020123171567
0.4283924353681456
0.5534286925073777
-0.48312928812096273
0.6898211435121122
-0.5677985322205539
1.205306664715321
0.19803505564253804
0.8294034756218773
-1.0762642064741914
-0.11068660733454427
-0.14550051210668485
-0.38758887796600705
-0.07449803694444815
-2.2355634700437514
-0.8444915224002345
1.155832490996838
0.6603555443291143
0.5788564267549732
0.746625657585222
2.013670622312886
1.4217642675787145
0.7896193859756448
0.9622166658240439
0.1528652388064154
-0.9551150264624232
0.3211523021178554
-1.3662414219235144
-0.33036954936734797
-0.8539899005629231
-0.38078702621103044
0.6699183721502108
0.36904396242426263
1.2932218007009606
-0.48592023258146394
-1.0199759816046345
-0.46711554196118166
-0.03486240269616801
-0.07316754147746063
-0.23148234582906904
0.77452682248572
0.062288698698046596
0.3607336820864408
-0.374756806608365
2.4453623289460347
0.18511505824286453
-0.8596961067171368
-0.8790228398010764
-0.6811631106127788
0.27331076464673415
-0.32774057033654846
-1.7397327792501884
-0.3086595667683818
-0.7159225928779601
0.517608266901436
0.3782564922276186
-0.4203370661062273
0.3240037437439549
0.2960685413961997
-0.8893180685802841
-1.3936396258996826
0.6488608952850385
-1.1799963398517852
0.3636244558172105
-0.08202207159362096
-0.2590853636028738
-0.6846120686266878
0.6366750969201724
-0.1983664829125278
-0.6644692250476683
0.15203551995457276
-0.2826639157261808
0.5962901401286705
0.22579811944031042
-1.1539913889510973
-0.9203005590636648
0.2300584825643796
-0.800297006448943
0.3422350783536297
0.4798732712023208
-0.43975116632625155
0.6699033374086379
0.35959163080805645
-0.281764041635129
0.9079230154020455
0.5404725810137736
1.1611961342158583
-0.49484561545657757
-0.7010207292519524
1.2951540747808974
0.10435902398596608
0.5522053074457058
0.8236153621254116
-0.024677114852447835
-0.40425737903307024
-1.0060746397243632
-1.8006116452141483
-0.11911443666918169
-0.2634939668100669
-1.0099250689794452
0.5360999954562289
-0.4829032181788864
-0.13652427507534556
-0.08797658644619763
0.03918746754456777
0.9499024117673094
0.3780361299766032
0.1486940331017458
0.7910299948918816
-0.12091424993172042
0.9304467341014768
0.07927586997198705
0.026255615610342425
-0.24467522587870516
