22 3889
-1.303069015997689
-0.3900708357944431
0.84064336068651
0.5212631786376342
-0.21945212708378942
0.3306053734004743
0.8803968375527673
0.9876316369571565
1.014004151859675
-0.4109191501189201
-0.1684845330534768
0.21263825450403856
-0.8577269848318843
0.6854801412068211
0.5332818071210469
-1.748723186872019
0.7046125942971354
0.4641328814984186
2.2302967559139364
0.7839198792910247
0.38422545385331097
-0.7902961507516375
0.045175850534931145
1.1413443498672478
0.8726720761629864
-0.3294873922190712
-0.3567093873987327
-1.4159896262185467
-0.07841961008700857
0.31422782674100896
1.4014041912487918
0.7052180354658454
-0.6862363253177505
-1.2277351753442431
-0.38464910379494127
0.553750686442795
-1.2227115451561317
-0.3764467623829597
0.19846830216922923
-0.6553972180703148
-1.7027222933172315
-0.5644421814823054
-0.33643644473111145
-0.34595626476490043
0.9806034943715759
-0.05161958131036007
-0.8774152223024603
-1.2420200327780504
0.7390661522442817
0.18897297596348744
-0.3258165506300826
-0.8490754811820784
-0.635410675851072
-0.8717992901368035
0.0812716599211987
-0.5217495002078351
-1.2322203083088163
0.5963107342581372
0.2746997277532989
-0.4461195766360236
0.6544524046744495
0.05472755949630978
-0.5673204242464522
-0.8302342721249247
1.3072378908068603
-0.10650197373114963
0.38140877772309045
-0.7346406189204604
0.40221915552233833
0.4753677170777306
-0.8682457487975869
0.3662269995703527
-0.20432796295515543
0.5272347568376003
1.1489451619365365
-0.11708741861171243
-0.035482508711083646
0.04432163376619894
1.0634351859946944
0.8100087660890629
0.26807696028013567
-0.2233170097012847
-0.5301121253769054
-0.15849816180474655
0.13797801980092161
-0.2312856821308214
0.5658202239020521
-0.5175400716572508
-1.5133239359122848
0.22923046962009258
-0.0877223637706227
1.3214553188855356
0.5550371586481734
0.4678800531756709
0.3480836777955249
0.7278253753747757
0.3517906495458426
-0.9864992230486307
-0.23572295372648477
-1.7276717614584685
0.9356655445357351
0.12321631575949721
0.30568757882618103
0.4741358295707763
-0.08778408595093763
0.3946483104415818
0.4494034231514856
-0.0020365009538853215
0.47063737176295745
-1.5585855119643461
-1.441468181645722
-1.4270117853025959
1.8983816509310019
-1.0559088323953183
-0.5680857353550701
-0.41093095787237605
-1.7022931322515416
0.5490194654603822
-2.3900246987677742
0.2763488603819444
0.014140589369646125
0.13913712095672093
0.37974639921175474
1.5156485817820464
0.3357119625981824
0.6456533330940369
0.7294763793390813
1.8677087974362954
-0.7530624399168607
0.7968861597660728
-0.5502279593991343
-0.17079128111673944
0.16741738399820572
1.3640552385942861
1.165025597105258
0.6205572989751479
-1.346196049107876
-0.17188858764220016
-0.5512309944730805
0.05231427328544802
0.8967743311899363
1.643376181392409
-0.9870192384286139
-1.5061156354413077
1.9219929723576237
-0.2142475287604271
-0.2285456051604767
0.4629529844485626
-0.4232923060142551
-0.47639956657340465
-0.9180742679170236
0.3929405283587249
1.4109871799823892
0.2862368399788949
-1.3217651919594413
-0.5909010858905931
-0.08128096728650425
