43 4129
-1.2917651830027026
-0.1393847966734707
0.8858828626044911
0.5345433675551163
-0.10484701288154044
-0.06922449457221602
0.8413499252504812
0.987689327751537
0.8770933912045435
-0.8349308051937537
-0.47105558086145344
0.2534383922850638
-0.8577269848318843
1.1480261969030305
0.28090601374442437
-1.991293423635082
0.7843007316456798
0.4641328814984186
1.6226032585986565
0.9029668697976574
0.48497558690080456
-0.8455496789018905
-0.03805651457179467
0.6714113403113643
0.8748306650301283
-0.06857212533134865
-0.08943270247003039
-1.5827065995617735
0.3574549968108417
0.6552754180805813
1.4493925203216698
0.6943242775180254
-0.9177808804192299
-1.3144961844047869
0.23761325740519965
0.4079233341317463
-1.3841762214416269
-0.1468645190493815
0.2791319350858361
-0.6553972180703148
-1.2311963206096177
-0.6250205436377709
-0.5978796970551387
-0.15520383370082075
1.11564176383322
0.06836803185367007
-0.5479189120972249
-1.317708018305994
0.4920438531079213
0.009406099041645105
-0.13350547576021154
-0.4846927826853331
-1.042143623294364
-0.9155543458673082
0.4504879460539607
-0.41398677896688046
-1.2285534468970676
0.34428451688774736
0.3243383627513573
-0.6383580767831959
0.1738832031908301
0.7195709303510411
-0.8408896004226318
-0.8409868515008754
1.4154079919047609
-0.9107281792893849
0.3794601965726822
-0.8957356330601538
0.5531509550337262
0.051806818924100606
-1.0056650250493766
0.47994483509932967
0.41840367302958503
0.6908642426872824
0.7409316270546498
-0.10248868699515576
0.07236100101123663
0.5847695818635146
0.32513123470911176
0.6005709156408834
0.4489768436253337
0.30363738411295954
-0.7986486935167895
-0.1699304703993803
-0.737168145005264
-0.177541569233793
0.8092508232091877
-1.271352882095111
-1.8031787552066791
0.6560130284741952
-0.20040353188864796
0.9603964439101464
0.46212147677515103
0.1983031551871748
0.5261659737708361
0.4476654737057538
0.5522374455639342
-0.896614738387127
0.02192606459901365
-1.8013906728435731
1.2464011002970141
0.05991007552212189
0.002510317726492073
0.5897169188546254
-0.41747314445399863
0.45896655451453094
0.7835176769454941
-0.0020365009538853215
0.4995866065951612
-1.5185600019974883
-1.5297465230000442
-0.9369023083509169
1.971306483416486
-1.0559088323953183
-0.4015001066269984
-0.6822656065403896
-1.7990353755669428
0.2663742085983242
-2.1756845035550767
0.22155368174303333
0.026298997853168703
-0.15934458682572972
0.5858863854267187
1.0845012321434258
0.5903788160869473
0.4107530508640421
1.169080286220097
1.9384143941844751
-0.7530624399168607
0.8339732297652677
-0.561498289473101
-0.17403302846823543
0.14506781498672167
-0.5825658810426213
-0.18496584039669406
-0.8052018906316774
0.12175609424537417
-1.0894446401711753
0.485026444398333
0.32635990271194293
-0.4894286921734204
0.5962033537895635
0.21738195779097927
0.28340595918985234
-0.4170127437911365
0.7852509343218929
-1.6136371879068985
0.7004845062459732
-0.5843156839850174
-0.8932476124671577
-0.42359183540644235
0.1737253310647489
-0.3498060651046966
-0.6320796945179837
-0.011320329498916815
0.7304625117514154
-0.48391159169040543
