17 3065
-0.2331374164189906
-0.682165082740139
-0.35768541301245527
-2.0108762262951814
-0.20203477768885014
0.4998648430016506
1.3899356413304838
1.0571040837257588
-0.5701665715070744
-0.5604953966394877
1.481735755332599
0.9079878476319136
-1.3693864884567946
0.29357306275035083
-0.9005165131751096
0.329249383209105
0.7039701734232546
-0.683109260410041
-0.022238863624566257
-1.4162262367588851
0.04949943419341493
0.682804554197937
-0.8179743424886049
-0.2836258837106367
-0.311344801436748
-0.8816677020436177
0.218341854667922
-0.2476448058192978
0.24371381561692546
0.2385876784346792
-0.05511916377701115
-0.22605169762595473
-1.704539771800824
-0.08271180380690907
1.0469090850564797
1.1737524958933756
-0.6429489120834364
-1.2999253019742814
-0.559482590547575
-1.0940948461161344
0.43246715776573397
-0.295381360744812
0.4253514065602074
1.2883002342522436
-0.34271841846385437
-0.006987670822741987
0.24647780479209075
0.44924744912189346
-0.9189298839873159
1.0324911810573274
0.557447345561613
-0.8859943237601953
0.00955137127786932
0.30226095165248057
-0.9338734852499201
-0.18638106147951441
-0.37937488111871126
-0.3098267103145804
-1.0207579000426983
-0.38798969343567563
-0.6660912810278488
0.18433263327358004
-0.38216988605610436
0.6361310923763414
0.37843620135403977
-0.614394230446515
-0.30061733854047423
-0.19244494392603123
0.5359714388092891
-1.5030065200782852
0.2856267240145187
0.5019708582871107
-0.1708306377753447
-0.06450965021792304
-0.3111265578555056
-1.0272941023939155
0.32427966496299926
0.16240657337615827
0.7107170390131653
-0.07573151103713167
-0.12620926308678038
-0.7549670807620119
-0.48569769518562944
0.9331299069320179
-0.43786198620217925
-0.6107359777915067
-0.3279880304347854
2.465622767505754
0.2904671440819023
-2.0615982301498676
-0.47933881269923295
-1.1340532211595602
0.6552592827765528
0.07197286714784779
-1.652414701093818
0.9042067681766354
-0.430529540108112
-0.019368374853206582
0.79911081129036
-0.5912108582167552
-0.08533573272828693
0.5427616678126371
-0.330649736710235
-1.5655492154684303
0.5339963167612971
-1.204748009189544
0.8419830885837034
-0.7503471992555594
1.0916546600777228
-0.8878443291738897
0.8499742753320098
-0.3870515427940704
-0.33267417386412257
0.26066970566282077
-0.39950223392196327
-0.7690822479305944
0.6224425807193295
1.0943279610778278
0.07783422012578478
0.5675984905012857
-0.27231487837167834
0.6313666371852198
-0.2004576898168319
-0.7000718680854183
0.7096260930025611
-0.6198949743268126
0.5818826772525016
-0.42454494292086176
0.7734713458240969
-0.5080122149163218
-0.6762323335009437
-0.15216178961524002
0.2691058687664437
-0.26065241840234543
0.8918119379083826
0.813503537904863
0.6819637081414952
-0.32414702359746533
-1.7962010224580491
-1.4182639993628836
0.45919529539586995
-0.1685930499297023
-1.4239833967073456
0.4042562176532061
-0.46061399508284007
-0.7057712200873294
0.4741794201471964
-0.32532412121818827
0.37019693426135303
1.0103821496822532
-0.16380551924752668
1.4083090399832785
-0.5547660287297483
0.7246265951184129
-0.7665583060084504
-1.3471301711395336
0.15383576206168684
