Type2-7 6534
2.157765156992805
-2.0778275597712828
-0.19950489958385567
0.9309308458040415
0.2600977966227446
1.4191799842305577
1.1372296517196994
-0.6494676490631055
-0.06231307838837641
0.7112868182895375
-1.397084167736273
-2.6139071978020527
2.107448144476155
3.0352713635228814
0.33523259287467977
-2.0470811012032257
0.9220667459613193
-0.5624424601250255
-1.4297627446193761
0.6776324324645387
-1.3762667346471995
0.5238719832928616
-1.0073892981252213
-2.308300204631143
0.05679061150157985
0.6833826447740318
-0.8741502265198728
1.6695361819031016
0.4645691733486027
0.2354209734720499
-1.8875188918375483
0.7154253998513047
0.05046016917534643
0.20032014196916398
1.5813061851796015
1.7021115564688214
1.421383367055791
2.003436954347004
-0.5871723078234965
-1.1330600240238917
-2.3633480885477884
-1.2952682057053215
-3.1556253588255756
2.702637688730765
0.20171702080905063
0.9239471137943671
-0.5274905533353382
0.3348114630586734
0.37854265433798195
-0.3413116392951451
-0.10825499297396252
-0.4881543869409759
-0.7583652920098647
0.7884743280677432
2.6983244964817197
-0.7360088282017724
-0.9293602863810733
1.397427472199263
-0.2509658272153934
-0.1499227030547976
-0.554409900625399
-1.2453797212045312
1.0347989031571347
0.22252320856229232
0.4758964280236668
0.4738717533419562
1.4774487369236522
-2.14443367098989
-2.353892243546586
1.6319613557358503
-0.06769483293284273
-0.15807966033832022
0.09589742917523252
2.0690491541086273
-0.30507510077737854
0.8884312118292285
-0.556420359453222
1.6494867798881931
1.4226750728576187
-0.5731025871107989
-2.343158144317631
-1.7073883701864498
-1.1789050234240446
-0.6122666503123613
0.2389408765245356
0.39756519700907894
-1.270868897249802
0.2053719407714346
0.8578889118528441
1.0398498824849542
1.7372483954912135
-1.049910764575316
-1.6319096704379346
0.9203070136669744
-1.1523485450952307
-1.1435399728869085
-1.4599993714110704
-0.97951759140614
1.738810088741453
1.0719074577287366
0.9524479194694656
0.4450313482726628
0.8869496681839242
-2.323999464901577
0.09339663906221368
0.17637561601855972
2.478713896470797
-1.7203595964815321
0.5520867361427344
-0.32257191418365805
-0.16284616113006245
1.6117741240465546
-1.0256624999623603
1.5033001717098393
-0.20827237405717675
0.4108844595810909
2.0856553824433233
-0.0739415484528122
-2.6493409061822137
-0.5396349523220672
-2.0876716659890016
0.6673480885067367
-1.8260416027962791
-0.674005193473663
1.5341324578266595
1.6455267884848719
0.12173026952144672
-1.8323468139841577
2.654511660352847
-0.02378809970096843
-3.7281620288464437
1.4778017656615339
0.4381719379935827
-0.37792224403873464
1.6548856869048387
0.31463816031509073
0.8746414917030826
1.295505787272397
1.608041394233729
0.3286245042740844
0.8357447708450915
-1.5367700166022065
0.8818165974634118
1.150849760106706
-1.636777328615588
-0.6113531159005672
1.3337028135428868
0.7015362802004539
-1.8821052413385155
-1.5356127768579315
2.097508651871208
-0.04130589681855171
0.09168015165081284
-0.5347082813738857
-0.05331134993128486
-0.1498113840980198
-2.262544939105977
-1.2423080271029565
-2.2033587291790164
-1.1053241572323886
1.6654282315157054
0.9732838475244975
0.384809865229311
-2.667369685132018
0.596792632128089
-0.5311529095882106
1.585229074513419
-1.385447987444912
-1.236313554319328
-0.9410497053192661
-0.38096928242837563
0.26102198899596124
-0.41803323117937874
1.044019529709201
-0.9162288916201136
0.09007611319481518
-0.8591188354508817
0.46506481241273145
-0.06528057644277632
-1.4205303445883315
-1.1520480870244838
0.7728865487418806
0.8779663714951821
-1.1784999792764888
-0.6505437389091485
-0.3973489869449601
2.132143729630852
-0.5063671983784896
1.5288809990708216
0.6677815150891939
0.7676898997703764
-1.9499173336326603
-2.030821395737231
-0.024084004214071808
-1.2559719395484776
-1.750950954865608
-1.5950988900462755
-1.4110574832927343
-0.652706966321832
0.9794936051813639
0.3018526353422652
-0.2854633939910615
-0.6820165471205696
0.6459235750191167
-0.47102745750824354
-1.4860674543197812
0.40312414919852163
0.44699515632566833
-0.5524153044230617
-0.556615741267963
0.5999508924161981
2.099635068140426
1.3490859054473077
-0.06061871335650193
-1.4539368129661259
-1.332878964270907
-0.9696238066643736
1.3924673763287867
-1.087009311674358
-1.048493591996139
2.1630409366751016
1.9250366781856711
-2.311258912013548
0.3397824540729466
0.7625156989437029
1.2396580516357292
1.9084275888257367
-0.24760798697407757
-1.7037326227746368
-1.6617418489737887
1.7209258651543333
-1.1357281967337627
-0.4207824282682915
3.0364759554329264
0.11548848100987219
0.4013150218491529
1.401470258136818
-3.096461552698594
2.6183837885663697
-1.303846010234007
0.8233250237766199
2.294489140896625
-0.5734101054378793
1.194448420920796
-1.4757403712519912
0.025450734172139583
-0.10754626222062713
-0.248795921883099
0.7028168704690749
-0.3675295815008122
-2.1380598289025183
-0.9861280908261014
-0.357280695525729
-1.482891278394458
0.5324479720510437
0.4327512296345876
0.6579556282662271
0.47564637806766835
-1.8272112541811563
1.1531698661122691
1.1857839989658996
-1.5527301835425633
0.1350771359583767
0.5234177038564405
-0.0698590200429999
0.6140327679440826
0.2679132940314062
-0.583566717947362
0.2588342119694974
0.8882702252233607
0.3868525916171771
0.5629764562834927
0.9191356695387982
-0.630150184776272
-1.3542916458942789
0.7964541737511857
-0.7515877602615809
0.2962272218769088
-0.5419134368978726
-0.5210618502981966
-1.7957882672497738
-0.48735211786845334
0.9080112301824503
-0.15116558616094145
-0.6874943816508632
-0.07284940922655353
-0.6216762834200519
-0.05669285291223147
-0.01713055756981169
-0.4902605823697833
-0.6536302445480381
-0.26414471312857807
0.2510979116754391
0.5290806159558372
-1.221088701062552
-0.2585980793662583
-1.173518457777132
0.4898943413748159
1.1536799343835376
-0.20775810517200585
-0.8483137217168221
-1.9466548252787024
0.7795048314915489
-0.9535644320316291
-0.35898600362568206
-0.7915604970954737
-0.7688072299936085
1.7004421074946743
0.7801788756903102
-0.5097207476056722
0.20597054535101567
1.1486981391497988
-0.24960598043919388
1.1617569215867118
0.21005108687615887
-0.02886783185212971
-1.255746049548552
-1.065026419120923
2.5786138754561354
-1.0027011077943002
0.4939291467346194
-0.7602988659543831
0.7364750415495698
0.7208046773388646
-1.494372427316644
1.8142781021273524
-1.8177790556935554
0.7008383060930463
1.7036585178958272
0.3298007989534021
1.1286781690513994
0.2105695048001123
-1.8147770123249394
0.6259272815527345
0.948021446157467
0.35842716168472316
0.3090069708072541
-0.19805460155248256
-0.04969760649320504
1.0835213030007758
-0.037959744945436344
-0.4399603839322365
-0.6957961794980146
0.24639598356632159
0.4973291002039503
0.15214250886955888
0.13770236977622227
0.76203684655262
-1.4309199422156083
1.640837689525773
-0.28154338138352936
-1.6976355468750683
-0.6673317892194106
0.31695874849526184
0.45026172291839717
0.25130756319081515
2.200879008243411
2.443948343951353
1.5512024557771336
1.6548024119428348
-1.7295776412706354
-0.6284674201666165
0.5759453672311183
-1.4176378262806755
1.8486718506782256
-2.6054200057458394
-0.7871207450603837
2.254638396986629
-1.8906830352686732
0.9178806717217061
-2.40123666401902
0.26640881783169656
2.547826401192121
2.457463582845971
2.6350467382160314
0.1123585517527233
0.8284876269802584
4.094643130986564
-1.400469116346486
-1.3756494543640354
0.6456518151967059
-1.3957840596698028
0.9209447157704649
1.4295564664754021
-1.4274145586469198
-0.01767444541054053
-1.7413246492887862
-0.6015369364963379
1.255868294423676
0.8096133219236862
-0.12387007555869484
-0.12137173461411974
0.4185608735991727
0.3099852532043187
1.1007076217736842
0.7714267035669726
-0.5333836713258047
-0.07652423912655937
2.647943327728332
-0.06366564847796352
-0.7110723073934545
-2.0129101706020065
0.054682989328293075
-2.0282877939606068
1.5457770534575606
1.4022683507863127
0.7363898616854633
0.7859333705747076
-2.4617397070492477
-2.096152311314451
-1.8661403322111345
0.3975980941759921
0.8110224653713229
0.6874553558925449
-0.4664184654319013
1.8538606050091702
-1.9301121634324405
-0.6207186794290156
0.4877631760436447
-0.9244716630874386
-0.5561280805830824
1.4231516993857947
2.203423960768748
-1.587107918286164
-0.005447149031764631
0.10514876668215226
-0.8501512138312632
0.17865498069312213
1.3086978751014917
-1.6780444018890581
-1.3506332502877791
0.4021477856358053
-0.210201843795866
0.8979676341422143
-1.5521003417478532
-0.5332996728116194
0.49899496319329917
1.463344435062324
0.5167788108441713
1.2566154026540048
1.0630255979358723
1.5405494450687065
-2.657353292582329
2.822569145160007
-0.7693371983958208
-0.6792023882232759
-0.0028347519529965254
0.019521481601197262
-0.47070142486825745
1.3893057620916927
-2.1879831265799186
0.10479725216507994
-0.7500232207075809
1.8397733972683619
-2.193318754945126
0.5474407127894891
-0.1430201932518277
0.9889510030434083
-0.016026596741980592
-1.1027097001161703
-0.17984864158379416
0.7363666373383422
-0.40988297797138934
-1.7945120384049065
0.23881127347295547
0.27014362993379315
-0.5265441008235153
0.49815885109594044
-1.6621241036919754
2.0828014353757895
-1.200189832898621
-0.37756662595543355
-2.3071022364672933
0.6696655976191197
-0.4611105150905292
-1.8688618955328193
0.23447546797561591
-0.029330296412095253
1.3259395880431868
1.7732600374063683
0.5374279035225504
-1.0712236287267805
-0.7027500516823492
0.606357767800269
-1.6682182569262165
1.026213892056218
1.2388405879867588
0.729944404123366
-1.202979541096444
-0.8729821242174997
-1.014661619653351
-0.45735787941767164
-0.30857699562202606
1.0476161590518567
0.3571397686811028
0.2817489568090236
0.698543076103546
-0.6407190412909403
-0.2663274309612534
-0.09708530431125198
-0.8515536009225596
0.3248209753317495
-0.7032919854578885
0.08830883602758907
0.3669732140788059
-0.05162780585172663
0.18839276134633492
-0.9264695487835527
-0.28710616873117056
0.6215137719263648
-0.4497127490894178
0.6827132603227077
-1.481621638792058
1.0264158768192067
-0.21586288600396508
1.4845694757792864
0.17683124146339652
-0.517343553957062
0.8377662167654383
-0.678617481579362
-0.7174257598321608
-0.24490650681676146
0.43524385476577443
-0.47110389076969095
-0.9727629197570319
-0.6754329271197416
-1.3263961501771373
-1.0272793045365325
0.48171086908073596
-0.6062483924790296
0.40045164572032965
-1.0555148668478105
-0.400158873656665
0.03306071946074515
0.22399370288493303
-0.03845487981605448
-0.531456226778921
-0.6911761952525783
0.5752042012048805
-0.2499823021919157
-1.6211627476521482
-0.1487557816501434
0.41325112912084505
-1.5602644522206202
0.9072403569392157
0.13220893067796535
0.14368149650010342
1.2927888932780613
-0.08912470502641531
-0.48137361766332876
-0.2530721975008325
-0.2291271038322878
-0.005649885982168201
0.32450937830594906
-1.2086306658487995
-0.607834250425183
0.9177409815846334
-0.666132854372624
0.3173682573737372
-2.758617055294349
0.2934774998026187
-0.6800353052015217
-0.05092751092681306
-0.5153504238179039
0.2944696343024027
0.16097509649283137
-0.6934517968872862
-0.7160663195933438
-0.6986386264793143
-0.09504004822175094
-0.12753695108215787
-0.3214507809824976
0.8120661556308645
1.6089662273124246
-1.1777432511460284
-0.72541232263031
-2.1590356093156524
-2.186098447696721
0.15496126567869856
-0.5554614952368704
-0.6209650408139942
0.9179617930569275
-1.1009549946961392
-0.3471566101651802
1.3028847516320528
-1.0379265680475944
-2.766784484016145
0.6259083329737276
0.09935218110466112
0.5298417067917018
1.338198680302717
0.6877732565623352
0.6115420061054007
-0.25479007184110297
-0.10680110518572453
0.9078530189470271
0.6968235219979725
-0.614376864868806
-2.3691143644721766
0.4992768409770704
1.1218192088739432
-0.16794401562273356
-1.8843974510640729
0.06558473768509532
-1.3281515149545715
-1.1097210500381411
1.1778470252429218
1.448763461831877
-1.022135499013537
-2.4695117179692936
-0.7945404750587318
-0.018703980743692367
-0.4007346216423915
0.17805736040654707
-0.6604784204446541
-0.1575210980512667
0.17830614405429068
-0.30611052289979024
0.8295299712557238
-1.2918218867695823
2.4784239497490357
0.6343210135210373
-0.4759407892661328
-2.023778784318845
-1.6389863465972576
