2 3465
-0.10638400579590432
-1.2043855480611865
-1.009676319339381
-1.760181672583536
-0.14844825946418078
-0.35444166078518774
1.2524863595595708
1.1986617927544831
-0.6671576969991613
-0.04120643985157002
0.9653859609487058
0.9330796540830427
-1.8086573221401112
1.2339356693908141
-1.4728191352615976
0.6228151545857532
0.38948360208956506
-0.49478986577599626
-0.09400979404075575
-1.6865090409607575
0.48206936142485673
-0.01180995189697092
-0.6978480099020299
0.28166952402329193
-0.37184947459216017
0.17232092058712045
-0.10089312160200715
0.46630552129665626
0.696074892370905
1.6696267202122617
-0.6898027819056337
-1.1033902585151012
-1.0547656655221094
-0.059752516014122285
-0.6521147380351111
1.120803497613692
-0.6802079351235522
-0.5031023477786454
-0.5139791245947685
-1.1286967394724663
-0.37602585020990903
-0.2424631422266178
1.146586405187162
0.847547789910069
0.44888634819907497
-1.2993985927392788
-0.6315005430913727
1.3039650688524023
-1.0589107644861835
-0.18708339137375116
0.43721664651560393
-0.7404179834683581
-0.8664164187242205
-0.9616510201431564
-0.35476423727598166
0.30973615739233346
0.8830455724929263
-1.5272221040960976
0.5313105554016904
1.7235531812654692
-0.16540405294978397
-0.41664636289974893
0.7568346145577539
0.13889432488256598
1.2820028324083281
-1.0660412114236826
-0.8145261922559706
-1.1636055370995702
0.017082914002806072
-0.20971644388430555
-1.2571585807716474
0.19353211854689262
-1.8355668295614436
-1.3503032667136496
-0.17441636046765624
-0.7083393587570855
-0.164601564461613
0.06955520672609053
-0.4385056971763396
-0.2923666638990621
-0.11396264766536962
-0.012755397618501835
0.4705020386646494
-0.5972327082208846
-1.0963078078677242
-0.12808130780129467
0.7863083669403809
-0.2632096027510006
-0.4482167978776439
0.5705463498767894
1.07231041605234
0.08849726031594125
0.5703880772207132
-0.19319191746845474
0.3117235777241651
-0.06115798590742194
-0.231893697188499
-0.9811244839846789
0.1841323219166272
0.8717716091098765
-0.04117520566589164
1.3379622090719687
-0.03141181142829326
1.354716983561416
0.5040231340174695
-0.7904550032529492
0.348640393010682
1.0334610457585858
-0.659610186341497
-0.7280402703069127
-0.3213124257715873
-0.6040694462847678
1.050852308184964
-0.6648193647368048
0.07800480092312323
-0.0921032049608633
0.7348749308795601
0.6100843403888236
1.0982441512689725
-0.06412698224633913
0.9468588690502866
-1.008469509882471
-0.14429307470634173
0.7609169680461869
0.2563608082257144
-0.24869490676733258
-0.9796414315043425
0.6256046702012911
0.5522127145210793
0.8387391509350336
0.33268336355543754
-0.18264404550068225
-0.4723740281858834
0.14436497163778175
0.04840547846070438
0.9219934828062568
0.9594039309689525
-0.6758141660122121
-0.7489673812046305
0.27548038051752205
0.06674893861771208
0.6016396615617589
-0.2626875990319394
0.9711828246939013
-0.7414659644003846
-0.7452650357492927
0.15951141541886305
-0.20020223257454672
-0.9045196704692187
-0.16936890455930909
0.17131398693668715
0.4270439133094307
0.15559929877441978
0.9850560579405478
-0.7839874693680977
-0.7087425008963341
-0.9032683092403861
