39 4419
-0.7963437879997355
0.13039391888289936
1.0050966741597875
0.9066643529676374
0.9399584387755511
-0.0310683282625187
1.2718554224038425
0.36559460444559977
1.1734117720738348
-0.5139330739145002
0.5299935239209899
-0.22795362652720608
-0.14146062531508458
1.748402512341211
-0.6295695550046441
-1.2170709012195768
1.1637635978968341
0.3041143234858131
1.8719372259314384
-0.3711025680662399
0.26656966973094726
-1.4475673397744555
-0.28090471676092044
-0.25668026152318574
0.2501511831156106
-0.890456377388567
0.5913100267375488
-1.1661842827482278
0.06578127186687088
1.0450902293537367
1.1525833141653716
-0.045980587256721564
-0.2717933968115681
-0.9030154848092488
0.4515967704691403
1.052035686955691
-1.4063031643212331
-0.13794524788219198
0.2524161962748788
-0.41589968383172116
-1.8502393164584297
-0.2350934396622981
0.018616841193458744
-0.08883109725455941
1.1520687194046444
0.7416981617173567
-0.27678949799723984
-0.712536525703766
1.1848292115350942
0.7431889035517194
-0.39494134588742685
-1.1160753643979253
-0.7552687752803556
-0.562321755110232
0.3256637164001129
-1.0218994965620547
0.5625274431402298
-0.25469009275244825
0.9042636421900182
-1.1458516268074095
0.7415538296684163
-0.1760874507794136
-0.37239873529191014
0.7003100658875827
-1.4785113404042252
-0.2311700304302612
0.7506499108536853
0.543057289805768
-0.09338911271876232
-0.30663629684869775
0.9872442867844928
1.1745785240683648
-0.7361908320146243
-0.6521852886537913
0.8671496422040237
0.7389213661847588
-0.7969258461389827
0.8806611393639727
-0.08076564514548151
-1.0231836220829333
0.11348187602569923
-0.05008691212565075
-1.184861765902864
-0.44097948626085975
-0.7423405652168782
-0.4567288173967407
1.0161203617384198
-1.5401901679923644
-2.0975635220835094
0.6939331437160405
-0.42145506741751226
0.746311430318876
0.6029372765999867
-0.11577969303612046
0.2437687545237123
0.39695000336416136
0.4444725505693359
-0.896614738387127
0.4076933838852563
-1.998756008968538
0.7920724491816062
-0.05587961734310758
0.34960703044152563
1.0132619250618993
0.0821272349022642
0.10526840097404341
0.6041733047463125
-0.17535525897565385
0.37704018460283206
-1.3036475607181603
-1.051196896101478
-1.495415102416253
2.1756720600506325
-1.0609021982170634
-0.4662118889738551
-0.7428966965336172
-2.216505134995798
0.533041444182029
-2.2519373174652286
0.8114541347877366
-0.18039364626474894
0.27094576617411287
0.8406301512697263
1.2260731489058523
0.5999743853994817
0.09164528823568517
1.3654623525804128
1.7967861585635867
-1.5781908150164852
1.3619390361461885
-0.6803097058039956
-0.26391400267162396
0.15951513714268625
-0.5811646036121492
-0.48341772925723475
0.08280919425365042
0.13041881766404764
-1.1321012066260927
0.01053914332500136
0.30555510641214645
-0.07497864992989975
0.9860659282936346
0.39686622364089896
0.0803848197105097
-0.5698713468927972
0.5789110098782667
-2.0753077327847977
0.8945577566267686
-0.24659915140203886
-0.8187644598659676
0.06543042653761003
0.8622198627400756
-0.3920521229605821
-1.400748232800848
-0.20623042730853486
0.5363464105782001
-0.40345161380209604
