Type2-5 6935
2.9600907710706386
-3.5362006460811166
-0.3095695755327444
0.1624124931043187
0.6255992917004952
1.53680727497937
1.691679409869682
-0.3718931063512527
-0.46525283010168483
2.47740244920619
-1.7148296840934716
-3.0301311988518727
1.3711176405616259
2.98263834045509
0.46346794924770063
-1.9064502203708007
1.5148489880675848
-0.13505228897157984
-2.0193360888964578
0.3192337916318981
-0.4748022479576761
-0.24798246927352352
-1.692822845711755
-1.5602881268412214
0.08561977889415995
0.6893104120045552
-0.3493265499109747
1.8696885539077226
-0.5873122562765599
-0.006406617992804529
-1.6061419977340898
1.1910379562507947
0.15282846211997955
-0.14360704944477196
2.454060583380701
1.7775892691199235
2.173116726854375
1.0375937207978227
-0.8491297179470725
-1.2183319377402955
-1.7636537379400212
-1.0692052588433825
-2.509587564060834
2.515442510209604
0.5271080191146666
0.31430603728339596
-0.7101137785994861
1.1563568389019836
0.775229386320552
1.9652291385739475
-0.27251901212414587
1.1998637790169013
-1.7692311181644609
-1.1781032999581753
1.1229595297983324
0.31264765697672403
0.412008548353908
2.468343807527401
0.40721520421898894
1.0976624726782755
-0.19864278391976925
-0.0591963721603167
1.0923856511449137
0.8600122740780292
0.7761973094238663
1.6749013739443492
2.589456123274446
-0.7899196353305262
-1.1075160434445073
0.9681174750949895
-0.5683923475456429
-0.3665330455933139
0.3861396999190182
1.8643920201949715
-0.6491134102989424
2.0481720416385496
-0.4713664730462716
0.8388083395787415
-0.10956680044222314
1.3928546734280627
-1.6966478538845648
-0.05432295361160426
-2.6953933928277305
0.7098264403623732
2.6103350435890156
1.1406163090309316
-1.9838581372447734
0.3091082655192365
-0.30481071188006625
0.27991457349462856
1.776590071644752
-0.7205631814086096
-1.465929428965352
1.8151070122099133
-1.0376674534068329
-2.1884075925070614
-0.1697908467790717
0.8995894522523773
3.167503883343479
0.37360175580499294
1.1467229896262858
2.4233443285483878
0.8594173852949412
-2.108884783125468
0.6126430071283584
-1.033644755497553
0.6760277522376037
-1.5706987073468108
0.14662582350887243
-0.4399368508021768
0.1516152574155839
-0.4156350689871442
-0.9788843604532612
0.6564362136574236
-0.5088343274486514
0.2684278013715589
1.8548702213689368
-0.020102848900020648
-3.9390377673708294
0.176386701298231
0.22271757080496585
1.352208674912301
-2.9592104679791507
-0.4617505384650661
1.0637304624364101
2.070166557519118
0.7481102604042488
-1.490465087381808
3.004758764181964
-0.7580320909568415
-3.302862399092573
1.1055448558972107
0.23731883597438524
0.0635798855336314
0.9920667026331558
0.1781768770284043
0.18421086305842155
1.019092476466934
2.0346972184329406
0.4845537933612954
0.9191489676517045
-1.6115945731963504
1.8745379144936154
1.4053796332490642
-1.2858602940122144
-0.9717677601741807
2.467498381017054
-0.020017204710685077
-2.1286411966201793
-1.6846118284737601
1.8970908403776943
-0.3616977653908023
-0.17210836751893444
-1.077727343213806
0.10089304983018724
-0.27300206300609364
-2.316602142945709
-1.9970984520695758
-1.890821842398829
-0.8509638631446532
2.403903747823861
0.40403763646892876
0.6865587569302432
-2.3477857009522842
-0.368921699482042
0.26174523963426954
1.6366959000660635
-1.8854680817592173
-1.6880880743855489
-0.8127838685398219
0.2016693030410682
1.0154766226132792
-1.051437352155326
1.2001674163551896
-0.5653188152405941
-0.8615413126385449
-0.8601834421700953
0.8248277085094884
-0.8229937889804189
-1.3051666403737936
-1.6966957196255394
0.7686888385095292
2.0548013894127557
-1.218562114666017
-0.20060301237928943
-0.36433609378890813
1.3671740765653704
-0.803056913494286
2.723349392121125
1.4161627874803697
1.1223718420089495
-0.9799512343075819
-1.9080626186182683
0.4116349954225223
-1.103752364395272
-1.3735603308437747
-2.209578224317221
-2.0624313275878294
-0.019097456340702677
1.4671416883949964
0.8737007157170986
1.291414003730226
-0.24563231663301077
0.7792164740895813
-0.11860102639168216
-0.35240519882688015
0.9645869545607937
1.0393574394736407
-1.4595297113582155
-0.5107830674526377
-0.5449193587810416
0.3397912336793523
1.3541533253756215
-0.582172768129479
-1.8243692179266064
-1.3403483008538446
-1.796971241487603
0.4186148014890184
-1.25463784588439
-0.3135086319418333
1.5055964882699664
2.0833519023158606
-3.1251353675670916
0.51782734308797
1.4158264799797424
0.5966955357852146
2.2616194291661236
-0.358725436643221
-1.9916228772433096
-0.7961825438905135
1.742287816637929
-1.6205296179347526
-0.266080560748007
2.7077636328707606
0.027228321549161105
0.8824786824400891
2.1912083351608875
-2.9183263740038585
2.4706509372277616
-1.2733777909651056
1.7391692340884206
2.9184170847128375
-0.6338715782413902
1.7253687983564487
-1.285823000533255
-0.17697119150481486
-0.6161106025187337
-0.24240651870596813
-0.05342576198815857
0.35318365792202505
-1.3320646222860075
-1.3602637813997702
-0.5552845070152623
-1.8345658355984626
0.8683491975047919
0.5035115939862119
0.8659054624118927
0.6813432978273748
-2.2426047671068177
0.9185502557648861
1.0392757478429653
-1.3379958915606607
-0.14168877940478186
0.8609133990028737
-0.26610254645834747
0.913269143668001
0.10549592939501481
-0.6069980063024242
0.6064376430253694
0.3593754613074123
0.18978366647373673
0.4209019952510076
1.340248732611664
-0.6939478374201794
-0.9115629737802797
1.3276539831066043
-0.4671747949037225
0.08433239698321844
-0.4854737082287751
-1.0971553096084075
-2.010692396713705
-0.7843360213200623
0.8692209122464639
-0.2671538047132569
-1.5981313070187466
-0.36581712250221676
-0.7706819785153571
-0.49494792877206145
-0.588131056647764
-0.9849027299281673
-1.058164576404736
-0.4476556301661613
0.85218486933035
0.647454676757094
-1.5360216193416893
0.010405675929525196
-1.2668247684363796
0.26765443339021355
1.4088932190315449
-0.11499789839902136
-1.5873292610959804
-1.7625586700725204
0.8731772017773438
-0.8236617455745057
-0.43495904518217743
-0.4605429411173711
-0.7733564217527241
1.43273752073766
0.9993062164908149
0.1004774560418431
0.32343063749177475
0.6453624723171469
-0.11675381717253813
0.6897210687546941
0.15006025810356383
0.24795693122798626
-0.9552343974193305
-0.9884219813947658
2.8406832325397757
-1.556613609703255
-0.0032362156022776034
-0.28436493035757954
0.5934705490357141
0.5182601320742614
-1.5145665181660084
1.473978729522727
-1.410054179834567
0.8683811994778484
1.8068074194554673
-0.19568787881445154
1.4459606378839964
-0.7306096993941211
-1.5473257067064898
1.0525419706231238
0.718499413049133
0.3059977629189405
0.17788126892882083
0.21546983175834022
-0.02555769267056029
1.343257937442051
0.10826886706336643
0.04102207903021014
-1.1227443015149376
0.16430342219469862
0.17531535876446375
0.7406831916454556
-0.11478698440600169
0.6662330665502186
-1.1363110982066742
1.4802882593883062
-0.35524939705206215
-1.366240887612645
-1.2574967789318479
0.6149464539473046
0.13713282441373448
0.4823321613357837
2.4056396984111306
2.342822029968796
1.7501652705344255
0.9281200508856564
-1.3802243083905696
-0.10709079256117168
0.2981119361771757
-1.0597604711680007
1.5363791114008587
-2.270160152437364
-0.4144303601880894
2.2074953912153856
-2.662866921286587
0.4370336351676988
-2.451520326449985
-0.647351682073563
2.8650033174545046
2.719864335760912
2.2146973473229434
-0.5553210919896489
0.7150979888851497
4.8139489620316676
-1.8341823460627946
-2.2849992961985195
0.9810197936668464
-1.5992452661357455
1.2591569739023634
0.9376922330375179
-1.565380172165158
0.5747882054420095
-1.8670943296164944
-0.7904641735292476
1.4010608163418172
0.9759547214725739
0.4063390228363718
-0.504337952514522
-0.6608569397178057
-0.19899254295388524
1.771526398484663
1.5531289477228243
-0.3802144880261763
0.10885782020652728
3.0627104828413305
0.05672650040749727
-0.047783318816148446
-2.0922836658711432
0.022333421155588257
-1.9464767843297397
0.9143481824262756
1.7610211681322527
0.04113641036341381
0.24069261014627605
-2.540130503827225
-2.0448678236272344
-1.8700101843154444
-0.23986376641624269
0.9574816376902788
1.134438634734361
-0.034693451147577575
1.7550329631234385
-1.6165040737172145
-0.2830601520668702
0.9191148380137528
-1.6463294691150712
-0.794733849576558
1.1743097328125334
2.1832744951079035
-1.2990866465533741
0.25939766440365164
0.08347302154303868
-1.0185252599029233
0.22255300377830503
1.6942952244884641
-1.3425450232348413
-1.719096798507409
1.123713815979968
-0.41371720792490463
1.1415296748890398
-2.031021048647351
-0.3462906079805046
0.7412417525178565
1.5285238169100606
0.8316454557457127
0.683650996061127
1.1333252065226234
1.3280671526184797
-3.1001674788930855
2.7098293453478344
-0.8308907402786232
-0.8858806798634888
-0.248232336614054
-0.038745826294395436
-0.13950663860168044
1.0568159084762474
-2.755787869479949
-0.4714830337830088
-0.5651532251669059
1.4555008074788343
-1.6569469389737164
0.8448524343353685
-0.8097911302480186
0.9292578628612036
0.35370706513072436
-0.9785564721294184
-0.1068346538616223
1.1482782173383586
0.49235414429830393
-1.541530692332326
0.9237728804113675
0.4901501018863494
-0.3948471727118978
0.22878266305526318
-2.119973611126028
2.058391695682592
-1.7660417966517534
-0.9435859563478857
-2.753906012422128
1.187482379865877
-0.18115207144223278
-1.556797540389849
-0.3054771945047664
-0.2024517228611642
1.6300694717345008
1.3993523648856139
1.033796053615849
-1.686814302553893
-0.5232828400418532
0.20434551014842617
-1.1828228989411973
1.861782679488375
0.9476227602735862
0.46857259702034004
-1.0876441722675598
-1.1979568989295861
-1.0980511405068818
-0.004308620583257178
-0.33037220737484985
0.6562636013387245
0.2353329677482085
0.061098380923170326
0.9759842196077319
-0.5106338273077925
-0.4036964309475788
-0.0839234844172117
-1.3526619407305203
0.7747024484633752
-1.0997020617693118
0.10803533184267197
0.4832642980147538
-0.5150532872532383
0.21569218880748162
-1.599475337808375
-0.9960185436651423
0.5073264366717075
-0.06059741688061776
1.240485583482044
-1.4577485693170376
1.2792674609236268
-0.1374208262730524
0.7209729202609123
0.24008771319993888
-0.7568116138861345
1.3471994583276574
-0.7438311298408108
-0.4611417942916858
0.10881523314798291
0.3471196312608017
-0.1665425965895249
-0.7949499050186197
-1.3096808590911062
-2.0280604018844235
-1.3519751776486453
0.19434228739380316
-0.9719722078610609
0.4529119574450436
-1.1312800745911855
-0.06272998727499074
0.4609621010187883
0.43911001992279247
-0.1449479357342024
-0.5059942527991326
-0.6911761952525783
0.7096157184286718
-0.34987742343281675
-1.6445557101408248
0.4909441526693177
0.4784319162884693
-2.0795614806632483
1.5358979804160706
-0.3298328681308441
-0.06479542770364788
1.388733742041056
0.7091683407297955
-0.05274249953726021
0.07061954644822058
-0.14246076859636714
-0.06232190555616124
0.10039481267917956
-1.4205747343008874
-1.0494063275519288
0.4568030676297845
-0.30237436686771446
0.151182540260897
-3.137637886280153
0.10696707696593596
-0.2431555223947955
-0.23446499008097593
-0.2983495171828684
0.6806429873585571
0.5695749275926967
-0.8211004540902211
-0.5753775483482271
-0.7728492185089153
-0.3607479740395683
0.1173956151588755
-0.4075953120750929
0.11541903365239536
2.0604435475836707
-1.104008560808327
-0.5963358618501827
-1.9563003178216076
-1.9714097620529645
0.524475925544263
-0.25772162421976863
-1.230024448273275
0.90915302828551
-1.0927025280543372
0.25584629098531575
1.2732452209358978
-1.2125554815959325
-2.971075532010957
-0.14390666167954513
-0.28872721170527804
0.8147256846906622
0.8185191145397086
0.7347957901383362
0.14490277368883417
0.32011663245362526
-0.35007408475029833
0.4409318670982257
0.2838050254651793
-0.5761999221115297
-2.9414699185729045
0.443438598319264
1.1833930926865333
0.17450811117560155
-1.6627029888755886
-0.08496455396315876
-1.4716983584515662
-0.8601974234188369
1.2837257127372257
2.133701026646492
-0.3297847636269966
-2.1655529777610063
-0.9222907419435544
-0.19502521879222107
-0.5532516847011766
0.05691286557175024
-0.6860696472035943
0.8485040705216949
-0.40258756305132454
-0.02616642894612692
0.915965747901086
-1.034571894538692
2.3641990998970845
0.20237000809221167
-0.42843056475254915
-2.4423475158090873
-2.008352635286026
