13 4145
-0.09895164144041876
-0.9444510203397825
0.8537238457821875
0.3757642838889093
0.9551942929619038
0.8502581526510882
0.9914466474159216
-0.19228022933120675
0.8558192866774931
-1.2345091134766748
0.3020438393718386
0.019608176054734305
-1.078167680422276
1.5585698391505978
-0.10667407209270216
-0.8756928318665104
0.7414724734671038
1.144287115843674
1.95339037649542
0.5482935377120648
-1.3525706771374877
-0.8155240919137178
0.3092447625041518
0.44378636152956696
0.4983342930911215
-0.9518170629060001
-1.119501768847835
-1.038870827158497
-0.2233339692072965
0.42186446523004706
1.4129712925678184
2.3504098888148217
0.18766119578522664
-0.7741972648620745
-0.8583954906308695
1.1456335602939103
-2.3261337482772686
-0.298619760404663
-0.6953630945446605
-1.0838318429986509
-1.5600625604779574
-1.2140821717315573
-0.5600557061881344
-0.93052786149137
0.6938686428479235
0.052328673804836384
-1.2136094443099366
-0.7364794107060814
1.1881976753986587
0.1861123518915373
-0.002345961853350148
-0.07040583033180359
-1.237660867476209
-0.4884828690301708
0.006350148934709865
0.07426776161993592
-1.8546154129931485
0.49861220388012817
0.33980023545759547
-0.6609986536396277
0.1819344678426622
-0.3009267369368798
-0.16438999769554621
0.005412450820407089
2.000258137718281
0.3144681417766568
0.07710913084773965
-0.8612983965222301
0.72224897826237
1.3144038095311026
0.29148274648419686
1.020676596061013
0.7729856458685177
1.3254833594990079
1.1342481671701705
1.3973468421519082
0.24425712339639105
0.21714617880115147
2.2628701821053427
1.0992574693276622
0.4588109245407077
0.6979337283680843
0.15642166304362876
0.3105860753826068
-0.37291972432557846
0.10918245378409827
0.86804412688274
-0.32815590075151424
0.6599550374906539
0.963819500152964
-1.3750781063541577
0.5002167146645369
0.5639446800463417
-0.24827751609609866
-0.16008012601881336
-0.03180051277109586
0.11073165126946477
-0.6420000763021851
0.9536341199834741
-1.9486638201744824
0.016804805520343455
0.7235159943030538
1.1396181642926178
0.030397129241071186
-0.2818302363266936
-0.6785557261309472
0.2257247256104281
0.25588804754993116
-0.19989884624406334
-2.1831165273682016
0.2413731684424296
-0.9594108080137168
2.4080336585972084
-0.5313176576552823
0.9610357901134119
-0.6186673166286115
-1.2975024572337457
1.199466342251988
-1.7165552559047255
0.5210300952945625
0.6954573544605922
0.6337405384668535
0.686662623339235
1.6251400192009333
0.3519369487862146
0.26191384059860173
1.0806011308012993
1.52214511216139
-0.2047445253003023
0.7480019913725815
0.41584058370383037
-0.11937145895994726
-0.2331460896583185
0.8697780552465386
0.4000301590499663
0.8627154484676296
0.1365159589941895
0.40296863454816134
-1.220619505387918
0.5233295528835117
0.32242867145598564
0.3648832809555778
-0.4429918220366518
-1.3082033901541743
3.0437005284417165
-0.42946031753738667
0.5551393705536765
0.6751740416939334
-1.5218764333684798
0.14882992593153657
-0.8451946730198154
0.513741819152066
0.4078479714473674
0.6179849659407948
-0.8461878387303585
-0.09858959635940986
0.5969456927588961
