25 2866
-1.5888710995351554
0.12202972977119234
0.9758321033898707
0.3130342117003967
0.21966909670613002
0.09487159944398262
1.5477772667601895
0.570657775627966
0.7628182804967278
-0.8040609015283467
-0.1766858715026615
0.2224248383241617
-0.7783715675218474
1.1299534951709784
0.3776435767258644
-1.6039562311874975
0.47797136489397857
0.3858046322938805
2.0118600287316744
0.4652335503664822
0.0832523314588744
-1.2431839692480104
0.3317455473055019
0.8366524907914777
0.8073685113933132
-0.08902870922252198
-0.45814718879036676
-1.1250462645920714
-0.6640003717301739
0.13045504929789828
1.58761750145747
1.9677232237174567
-0.23488467859179493
0.08442084932305631
0.006432802954698974
0.8840251460164412
-0.6055028725681149
-1.4542704787795429
-0.8218499949673368
-1.240636033288318
0.10255823660668373
0.8684926263167604
-0.49878970070728207
-0.885459768099059
1.648442730632516
-0.16518193680163984
0.9958899275162931
-0.4573216249552567
-0.31883876767297836
0.9018921635460991
2.497147858030321
-1.3861582567497976
-0.9672371562388302
-0.8386774450410851
0.42835145067933483
-0.4353879343311622
-1.0080030407513552
0.011674787502092748
0.5931105371511591
-0.34228728530200253
0.32698429465857554
0.1853717764169523
-0.9378698546365173
0.31237295921088337
-0.6843800005891012
-1.0778504129382294
0.9188748962248553
-2.047389306440691
0.7909442293689068
-0.5457356601880952
0.5095417116093758
-0.5329647025666622
-0.06547889033407334
-0.19219170519463763
-0.7776911859754834
-0.7662097675676038
0.07953993449358
-1.1713633596709325
0.41905474250732555
-1.7620404216275503
-0.2690846801258767
-0.43134337756507646
-1.3085225188613825
0.8633724232564507
-0.900180401140127
-0.2993532232238189
1.1586624752937154
-0.7513736975507646
-0.016821935520266063
-0.37710276820577693
-0.738304139927181
1.3086334092840939
0.9698281012920832
-0.4110298081106268
0.6301292142409037
0.4320366359028649
0.49329298825554857
-0.4184597188321718
0.23560028005859346
-1.5384464914619669
1.1826617106871327
0.5671568183949031
-0.15010980562609638
0.6258024021509248
-0.20029853261009967
0.007215103660268202
0.40049698954023233
0.012955005498590494
0.24377256315889886
-1.407324812881648
-0.9747735016735354
-0.798344796317598
2.4372371218953877
-0.2969159318855371
0.23594743097396378
-0.8546543924958563
-1.1314163282104472
1.26433874207982
-1.985171898992395
0.4961091788008682
0.23354176228428145
-0.04984715028034981
0.4295384094365777
1.5758015029826364
0.6272315411649461
0.13832770483829387
0.22543300297596913
1.123243841343345
-0.2468509731005711
1.1299610912567675
-0.574838711744639
-0.004956797174098096
0.18182340662567525
1.1264516134661218
0.9532384343509899
0.029317656212529353
-0.33468825400596014
0.15704814304104675
-0.9615224365790143
0.19853728900251022
0.46025158885604167
0.8624662997506161
-0.601587891771363
-1.298278739901505
2.29385242757627
-0.5866408908849541
-0.05945863483151759
0.3708374198561271
-1.1677559811438238
0.019515737021295596
-0.9071051179398041
0.48302827876858806
0.7195574946580587
0.3722133062335007
-0.985105021407457
-0.6378647280986016
0.5175266649690278
