19 2470
0.29718959625127883
-0.5706556438715578
-0.07376872993759974
-0.23818577690132792
0.6133805559244965
-0.0902029679710799
1.0731246604118099
0.4084140381893272
0.7857428783000742
-1.2161425988567782
1.3273140725992658
-0.12350591815008011
-1.5216080659776807
1.4818181588929145
-0.2779718853807412
-0.6200009946600179
0.575974439694318
0.7172804882487189
1.508899640617868
0.41274788300252296
-0.8885733412851233
-0.60931395193934
0.17526001743114528
1.0786643685111899
0.6325267896005806
-1.3192750113987695
0.07970812263069074
-1.4042321749852398
-0.2656316455638147
0.7233503808465862
1.298405820241105
1.4737607681822387
-0.17615162517167948
-0.0650179139726588
-0.08244250347820992
1.0194027016726281
-0.18135919736967893
-1.262452218951745
-0.3227077167233265
-0.9023900110866072
0.5456554159534768
0.6319516895712551
-0.585633901598144
-1.3024754362280457
1.768595545460273
-0.25887133522861494
0.38883239260312497
-0.40521001731398704
-0.7563070019195238
0.2923971353392248
1.9357963759976644
-0.923291562312019
-0.4365037752119311
-0.915641291820275
0.21799866012226998
-0.4161014039728834
-1.0671640836824308
-0.09317421778015147
0.6233065961177111
-0.17679068672878695
0.34738600891518917
0.38340152061369104
-0.4271572260861701
-0.16634645247873647
1.13709454813588
-0.14757219908750865
0.29627725195672217
-0.4640906076602138
0.19223037609881374
0.7147106874131981
0.29942752681318235
0.4246868595697618
0.02267320139597695
0.8491564285307491
0.9596709856142636
0.08423332317775514
-0.4394852638927329
0.6495478991566105
0.8508209183431756
0.6442312185320435
-0.13447240861707183
0.9903820421117112
0.0939215329887291
0.28737229590173385
-0.31758406212310103
-0.4198523339528201
0.9147852285384853
-0.8858994397044796
0.13389037983290714
0.07600528997339043
-0.7361645698166436
0.8515714363148541
0.8495545029384666
-0.29596840729597906
0.6030887891756056
0.5805883776469671
0.267016495417198
-0.5327413096455705
0.41638078632053904
-1.558038275762237
0.9619252319282915
0.40750564675474926
0.2598226752983394
0.3809331224482555
-0.48193007901376195
-0.7433880834610596
0.26570660535472135
0.32118511149113166
0.2160510703796688
-1.4969253497151591
-0.9351356585684925
-0.98631364139064
1.9138354910342352
-0.16702012549850345
0.5162556859014659
-0.6432368124466787
-1.312195541423289
0.9858456559709567
-1.4648251617471075
-0.042920344013219675
0.27976045287230744
-0.21055289106167346
0.48553570770439464
1.731660811461656
0.714281010078217
-0.11752191057464587
0.2124493475818076
1.077006118976564
-0.3530137061171801
1.339008393325349
-0.4868489730285081
0.18144226875831365
0.18182340662567525
0.9338191251265889
0.9099194897363332
0.2210269369395751
0.08288444470786363
0.341191629194621
-1.215722100789856
0.23430296751109486
0.31231608035038116
0.6955032556308807
-0.32610174765542793
-1.083912663853366
2.3236607542368173
-0.43742278838463283
-0.3977386343920452
0.6660237125375472
-1.12141538206822
-0.05982781035910879
-0.7073230292243509
0.7802406022060914
0.6865671131895115
0.5227830071378763
-0.619919176136813
-0.35029803473437704
0.4335743953569187
