26 2898
0.06777474493488991
-0.7956230686546776
-0.25214603398082636
-2.1236931652355886
-0.20203477768885014
0.27032298480118305
1.2634761110071488
1.2893866727944536
-0.6115400591721338
-0.6960102304474303
1.29501426317597
1.3655028658658535
-1.3874260881193619
0.6050064296844265
-0.9005165131751096
0.5409361568259515
0.7499756775530443
-0.5512816811549204
-0.022238863624566257
-1.5319874274117078
-0.17111530408300626
0.980085688571488
-1.0067952738998875
-0.34912093708228076
-0.027554576821447074
-1.0061056225707892
0.4321203184455004
-0.3860582755874223
0.32979816079221624
0.0862705013040118
0.42460516661562553
0.026442337149252648
-1.320570343179051
-0.1438142281996893
1.0469090850564797
0.5627096456318162
-0.4780354175757508
-0.8064004252206824
0.20715899451461695
0.576170175353246
-0.31564061740363575
0.1198062271670835
0.29266273226056927
-0.12819051282653285
-0.30214534403560717
1.1693516120558523
-0.21613069117409844
0.5696766635627838
-1.0261920856533095
0.1917581088864101
0.5772396701315272
-0.49245645952060035
0.03109647102180292
0.13827308658200174
0.38780185519524946
1.002347841649999
-0.7252636246898699
-0.543750107438362
-0.7365931554461803
-0.6776463984942256
0.34559336927024004
-1.2814560775912534
0.8914805731687433
0.8398939019360615
-0.013317025292822943
0.4399992631571785
0.22601727646347003
-0.45337923567268545
0.19591714905095226
-0.3699888428246765
0.4213965942264108
-0.7675009732496962
0.4317759387242892
-0.23276433883425524
-0.187249982708299
0.12803176359422333
0.4790057244212765
0.11533379862915248
-0.31931070383967114
0.371063189927924
0.9659093087307058
-0.39411618415410965
0.9438201946819087
-0.18829427844907634
-0.5452644631424733
-0.44576449659585926
-0.008953781842612488
-1.3501346187311802
-0.08629075916609136
-0.1932381720173581
-0.9617041555989115
0.7599929497176289
-1.2578385485104686
-0.15081028400968838
-0.298451160931706
-0.3724084258120738
-0.9885077414531485
-0.9160214335641572
1.5626815014692697
0.0635404574889692
0.349889945019894
-0.5674023578560973
0.3114465516136576
0.6659075725174253
0.44680774284117486
0.1946096289912055
0.46021076441667963
-0.1820569043362961
0.15594940460354226
-0.09353961915743758
0.4507425691660878
-0.7458714059782672
1.2731072224294686
-0.9730456420130198
-0.8039658145516035
0.6183527923880618
-0.6407218579968141
-0.263296055946555
-0.5791864467909547
-0.2585635303236723
0.6813168918675225
-0.42129162196690484
-0.8787195711778423
0.18920390026828604
0.08377342366460681
-0.13999126458947195
0.4647046393224675
-1.1125514287487237
0.5596168570063582
-1.0090954641350212
-0.0617328972168726
-0.230486929876395
0.766539504180288
0.35677571837539657
0.6402288964082448
0.33031133868328877
-0.3785377046927796
-0.9594606794187457
-0.2291969347246155
0.3261492437082546
0.7872507501031174
-0.8989352170212581
-0.5147790362046041
0.8577722574329946
-0.20652630039476122
-0.7946932022629755
8.859393242491853E-4
0.12053343111149206
-0.4171901418081536
-0.4039452558225398
0.5415038345265254
0.6429644369326519
-0.6001115182076237
-0.7855045462217524
0.4890523395349838
0.6951065776009725
-0.9778231328055809
