bobot2 -1
-0.19974551892439912
0.8235632991207196
-1.412512693360704
-0.6128674251966584
2.2098384013648444
0.16911634567735517
-2.705696506767255
-0.7467557728246372
0.013111752950413946
2.1627294827754655
1.159478299908755
-2.0184236191679004
-0.7050320715683207
1.6498680550976204
-1.110481093689871
0.21335081375513415
-0.7407801606876366
-1.2387040084320684
-0.5085895483502606
0.32610316099389935
-0.6697352720537044
1.0581401085875903
1.494613209452533
-1.4817433985777329
-0.40876451771739974
0.8395195550854782
-1.0595012646906738
-0.06960190051446474
-1.0987533984262385
-1.0816352521857322
0.2858869542145631
-0.41644806937840617
0.7192608927019825
-0.0062884239614443005
0.47166166288651934
0.9280936256627006
0.21692481219155668
0.6208402276618311
0.48229173477815557
1.553173414105427
-0.1314402275537176
0.4880911729855112
-1.4492815813167657
0.018708607834394986
-0.6130478156300639
0.21165687328343782
-0.7831791716238915
-0.9306144020839073
-0.6121216438891401
1.7827734025725812
1.0574763783326455
-1.1845543307953255
-0.6659960607403622
0.5194923345320235
0.2089077583963229
-1.8277044421910456
-0.8296389413105716
-2.1382282483823407
-1.76589536223823
-2.0606393917704433
-0.90066150601225
-0.5204728019971616
1.5192044605289199
0.052545993989483036
-0.07915358587563717
-0.1338911957006474
-0.768326902391701
0.6795094899903243
-1.6491960363665328
-0.4571707478711643
-1.1176593212926165
-0.043360860845331875
0.1602283367083201
-0.4913245564567164
-0.37131110098420805
0.018182562973471445
0.5883786232555632
0.9260987640604545
-1.2725255503746913
-1.0259384066161368
0.09999489090784314
-0.7783265695692008
1.2207515561468383
1.6195606793864064
0.22437452746828507
-1.2550325881321176
-0.11910556568268675
-1.8289756078855455
-0.1354536328800926
0.29277036728086137
0.2652964896401576
-0.15918698267457676
-1.3314619770750047
0.9555718903002661
2.279288437965744
-0.7466572815377652
-0.093107535637835
-0.5774441637697512
-1.2477066022705063
1.940766659079377
-0.0241924762367505
-1.1754900381554463
0.30790337822161423
-0.8348213849591702
-0.5629668529029603
0.25806228795138236
1.3144701355089363
0.22479864904754224
1.2752433100607874
0.29288787321156434
-0.23727464754521801
0.3274189040390212
0.58558687339787
2.1453720335124467
-1.5663729760407699
-0.7812359712889009
-2.5346949511079164
1.4259290716870603
0.06746360808769108
1.212663134583933
-1.0931819018915796
-1.069612824229898
0.41807884053615835
0.44337062199577854
0.4738805849220066
-0.27951364281825053
-0.48709768741542353
0.8164558944104019
0.7261664149214693
0.6019627276618252
-1.1218797832107805
-0.058628361444532345
-0.9356298105568577
0.14290783726929845
0.9125874676857639
0.8519122631278857
-0.7976716040460501
1.3413220675547775
1.5492949464298547
1.1042242370876922
-1.2917501215308074
0.7053867219979856
0.5195308460437152
0.5861555270721471
-0.19776873604261974
-0.4126451294899071
-0.3482486575976609
-0.6739984865638045
-0.8931974953983379
0.2907397029449347
0.029881719541815455
0.576681565437324
0.4936433960900975
0.03374363056174873
-0.05784954631560532
-0.7135592354648894
