18 4630
-1.2623678691774338
-0.5474815273121523
0.9474215527127001
-0.36483705176367
0.5729011277162936
-0.42986899064085
1.8746670547829853
1.1810182964651394
0.9152715110460298
-1.2302883929176214
0.3525705058732091
-0.23712188768032744
-0.7783715675218474
0.9133765039503086
0.2668050351251311
-1.7260824431888784
0.8148209600912946
0.6053053919849932
2.8390268302843444
0.04831085317727438
-0.3890280853634295
-0.8277626882401543
-0.025811737038809346
0.46673030701563156
0.3817992478792861
-0.4255071115602443
-1.094495030996606
-1.6830278585110598
0.02712904451238707
0.9216451155867831
1.5115528093668287
0.5209667031161921
0.0688180328844781
-1.372564954651155
-0.0858227002931306
0.3032233927489548
-1.5585355418043618
-0.3764467623829597
0.4216280347040511
0.030984461951617054
-1.5836205998354493
-0.3498495572977126
-0.5451669631273638
-0.621403064344867
0.7163205506845894
0.05196936118224377
-0.44637738253909753
-1.2604567688383177
0.39862419157628637
0.2397856709139169
-0.23925624651629615
-0.81313273794341
-1.0125819392308497
-0.7288268598342725
0.24778739450924256
-0.05610282154860366
-1.2569311479061065
0.2452969862049981
0.4543038919496314
-0.9417788234293069
0.11290053447384718
0.3911137696356267
-1.0624556712046658
-1.4056731667499371
1.905485530499691
-0.2840752197974996
0.3777353971689985
-0.7745203109294474
0.5085675034600998
0.2702624403200159
-0.8945517838948835
1.1082386227514869
0.08855178509124191
0.6371202893856605
0.9019985550164139
-0.2840936624647152
0.09223442066176156
0.7264652471920898
0.0753080255419348
0.7269774185869856
0.19930530835071628
-0.33086987764195225
-1.2299738269319336
0.026300957207937733
-0.3381878024818773
-0.19770143566521647
0.9263259375703421
-1.2821514994410474
-1.1575300982700703
0.5736138396715013
-0.1436947770376749
0.5409799022074882
0.42462282705650695
0.4041676049780287
0.18264825587145667
0.5929021309018441
0.9389259092533426
-0.5014991728317411
0.40647745008681396
-1.5545890191757432
0.6003246847522001
1.1157621437111194
0.37021323907674414
1.6704415026252366
-0.6342940414071626
0.30052100505472895
-0.06521885095898497
0.06440056915158199
-0.4319922833012876
-1.8055044386616108
-0.1819140838960829
-1.1138669340771745
2.6078749864110344
-0.6923572681231454
1.0985653593738782
-0.5117441542468727
-1.3304270127774906
1.118069837233001
-1.6104631964564544
0.9638172762650479
0.8768529839245689
0.6605834624333734
0.9318073192302244
1.81837719028263
0.28166495348807774
0.1813913463073385
1.3105780022443974
1.3933330850478653
-0.4248042330950233
0.6331279486567337
0.0577264842095431
0.027228832003341877
-0.0070500211078247665
0.4311397681168071
0.4000301590499663
0.5953144597618978
0.1365159589941895
0.5386537187332922
-1.4406464723090104
0.6420480274279202
0.41371853918671286
0.3123139536965031
-0.4885981063087308
-1.5141032366535834
3.160228759597608
-0.5277777488318465
0.5418434642055974
0.8288258099279378
-0.7804965429328317
0.17845796502883662
-0.2690533281059733
0.5952542350345951
0.4684600508606744
1.1163539318471698
-0.5182688429723051
-0.011513860050005695
-0.003493775860413023
