44 4484
-1.732815073864104
-0.11304885331790979
1.0508477446219524
-0.006346674955868242
-0.5497256232811949
-0.02499371061841887
1.722801475456166
1.5219159691601005
0.679920749591201
-1.0022163393541286
-0.23021042522037843
-0.3045635118843054
-0.6267825738377357
1.2828671055013954
0.47687403714126575
-1.4289008428787817
0.15731694350946301
0.20650847895623925
1.8382578154049567
0.03422562401331468
-0.013303436403448804
-0.6893709909130356
0.5584650036610295
0.27577144890656724
0.2675215841600325
-0.4984344409434462
-0.7383871584654804
-1.5870047329002985
-0.2403181403139616
0.17437314066719578
1.805788834133317
0.6270860115356024
-1.7404231490413813
-1.910398636487789
0.44760483110353977
0.5449592970809802
-1.768935474470494
-0.2951500237198025
-0.4216919815482989
-0.8358448202934102
-1.355558820706718
-2.0007181622927157
-0.052493674776714294
-0.18459502951766465
0.3988002371133823
-0.6390239204188928
-0.15267145860798742
-0.37887047475487146
-0.5096422417421164
-0.19286910312943537
2.5107880119959267
-1.2594785836957576
-0.5017993359698945
-1.3713288815329223
1.206275047751729
-0.33825032278032774
0.3617277365386522
-0.7281954230992064
0.2556769630952186
-0.6434357177991344
1.5181968112759037
0.7337539358308969
-0.7692641367433927
0.5384568251027103
-0.5672240688859574
0.18898113946985493
0.24684228702332195
-0.5248563405062914
0.44780118712910133
-0.6796780321877333
0.3420291501406239
1.4564677895204377
-0.6231374819351831
-0.7152238126983632
0.43450140614249655
0.3861557321948596
-0.8193026926980604
1.1338324952488357
0.3651255807067907
-0.9249911706715542
0.4409108077471401
0.2412344107846759
-1.485329497744181
-0.1486857235845792
-0.7423405652168782
-0.8743726167833075
1.1246818945549333
-1.3380864685455967
-1.898107222733318
0.6560130284741952
-0.34186365956558873
0.5901693535009579
0.5774671553985673
0.035168921061182495
0.43303295836226363
0.7399478075651202
0.37087839447053256
-0.896614738387127
0.25394683946651664
-1.8193640023752367
0.8067784153717493
0.03823396217833369
0.6067117043822725
0.7012140405305073
0.17714874519116358
0.10526840097404341
0.4551058588031307
0.05686984004973539
0.37704018460283206
-1.5185600019974883
-1.1462032554624786
-0.9369023083509169
2.068831347761373
-1.0559088323953183
-0.19120213121587804
-0.6808053084003212
-1.7990353755669428
0.3688830128041791
-2.307416289137294
0.3244149562911166
-0.05097732180834044
-0.12376683788846551
0.5734743316712135
0.6926658829658106
0.57858723520466
0.6724945920501038
1.3799545208716424
1.7884239362287544
-0.9526951188513456
0.8069818616255896
-0.5089729864031464
-0.3558116257094871
0.14506781498672167
-0.8617395775453738
0.280836465556497
-0.8196046094763241
-0.13515162054018645
-1.0894446401711753
0.1259257269063964
0.28022642535635034
-0.8029252850994641
0.7108435869536835
0.27919609858254335
-0.2009492648524401
-0.6961359826141188
0.8323733581940997
-1.6552885598813862
0.8493324015282506
-0.8177932543367589
-0.8062101981051055
-0.30975038574271174
0.3982084028281111
-0.5820442327296074
-0.5404531614886161
-0.1480904617081611
1.130124180227765
-0.2584235699625025
