4 1299
-0.6991128689968878
0.24335919382301424
0.8964766311836461
0.7905343724739015
0.7486071914877409
-0.2159021333317125
1.0380749768357278
0.12224256319025004
0.9870873312691346
-0.44903207128764616
0.8248639119422562
-0.34210822991734635
-0.9056415617426689
0.9747562864631396
0.517073943345526
-0.5163978702984072
1.108578294135045
1.2192004577242057
1.0241830378065464
-0.31202692431758605
-0.10551956016484068
0.6509220200969574
-0.057298998865460485
0.41434190888408884
0.3307724218682733
-0.7497325355995721
-0.626663013393214
-1.3961307641793954
0.6590986820968933
0.18731642798686737
0.25922710682688616
0.27021262886785224
-0.4847894909002492
-0.430723923551944
-0.4655222745672067
-0.4727438105779074
0.629124455166931
0.3383263318831156
0.5517180342695402
0.3447420193149624
-0.4791475017055261
-1.0345238427300094
-0.5629377076152879
0.4658318486277281
0.024956919402718034
0.8694119149135549
0.3240516180812285
0.2286624952644724
0.8919073910499515
0.08907218782623932
-0.9263878691236326
1.314896729751332
-0.07697491295995618
-1.0246164571037402
0.7425146972102976
-0.44389919376096204
1.0236104224556615
-0.6209600418048973
0.3861495900829602
-0.7012977479934752
-0.6885125579162308
0.36034679975431627
0.6180587737752361
0.9152020630094012
0.4760168475931659
0.034307096016886446
0.35240965657847795
-0.47852889043005875
0.27466227356070816
0.8802740169948402
-0.6472533665953978
-0.6179731324575047
-0.8737852945652902
-0.7368654833696007
-0.14676640287893997
-0.10061300706345139
0.5019697262820048
-0.7594732236073759
0.8729593609239412
-1.4420372928840268
0.7578155716950252
-1.1490712139946586
-0.007980253835551537
-0.5057976095412011
0.6664037034925837
1.073557935633207
-0.19270539521688915
0.529830390293259
-0.8363321717925739
-0.25985644304587124
0.8377560130332138
-0.4751967908072078
-0.806958391561446
-0.3813483034835058
0.9814490902342327
0.3636388210335715
-0.12243134652263266
0.5588135724761879
0.15341439624617959
1.1852295374723574
0.5754454791448673
0.1282023820242536
0.15353503869009755
0.1588877047233616
0.2910460998992962
-0.44898896083555784
0.20217897219283404
-0.08289858948380105
0.3056145500403039
-1.0949497317815509
-1.009297867749272
-1.205496512924329
1.479853263953144
-0.17908500756154083
0.49931300186007493
-0.251563980057612
-0.9774972650802879
0.8546384655672288
-1.5736597711982923
0.34298611445763016
-0.021684136203938997
-0.3652436849790892
1.0271794379216748
0.7467506258636001
0.5861705201130882
0.7570587244429368
0.2806381099885553
0.6647266038022006
-0.6121262015084004
0.6057116933866733
-0.9984455178765808
0.1761738571004216
0.3159185078629229
0.44802402732159
0.507449950908792
0.6162054203849082
-0.5421814709548601
0.7960562088422747
-0.9132146772438502
0.10759436774842528
-0.1782159923777557
0.7958245593852772
-0.15799358043661038
-0.9343251699931681
1.3616925875770687
0.022622966228964758
-0.4627482444964953
0.7021626489246217
0.0041763146434906084
-0.19613629384634176
-0.5402843299079787
0.26963572763018373
1.1276169380883705
1.0921310396157602
0.20516527302255175
-0.5116311642664549
1.1556579980273205
