maurice 1199
-0.03878148459177183
0.4723837892989065
-0.746905121322379
-1.199841313574016
0.8095787244498673
0.9445722234813402
-1.2252383234339113
-0.9057525043088239
-0.04286225313250924
0.33467832144267734
0.3106701318282099
-2.111450338871243
0.2962675705489697
0.25781147400212107
-0.9689326559671562
-0.41496712442024875
-1.2324309094426447
0.3371345111467995
0.9461625834667988
-1.149944098048817
0.7846891804475137
0.08983822779562795
-0.35108265829299806
-1.1928183797033143
-1.4062127749429505
-1.0474867267571344
-0.46823282490966145
0.668180066004871
-0.4260001316731567
0.6562575233402435
-1.1589712538382502
0.4621291432064352
-0.4356551211436112
0.4984199161585453
-0.1677462934828805
0.6857968027470752
0.8272390461012874
0.13483380843140927
0.014545287132565976
-0.05267133168435334
-0.7057758815017154
-0.27521363738822396
-0.4284649767754367
0.6120726659167164
0.29128635820613424
-0.70556214995253
-0.4819303703272955
0.48868811075011165
0.6085179937264977
-0.1438106091126221
0.24938788758185965
0.6180352966178253
0.2165512730821296
0.17010247047393615
-0.7034656428501985
0.48744263066143567
0.8027335001799534
0.7686592021917649
0.05402222432545376
0.7231154547162728
0.39257767457082837
0.3082482217208317
0.11488480962414443
-0.1270110892455828
0.874484023783626
0.8920346164248028
-0.3946385885179728
0.15332912828865797
-0.7893409348071518
0.2806355194169997
1.1434065527875306
-0.48105171528232465
0.14211474779860758
-0.9741584904031525
-0.39175461647681703
-0.0692001706097295
0.18166002034214462
-1.0644538477986487
-0.7028808200636852
-0.6044711954210892
-0.24880884257667507
0.766098834040791
-0.5870371776732357
-0.5903304768362598
-0.8158856933159546
-0.23955643260142118
-0.7719352141431114
-0.16464358532795034
-0.2555348811406917
0.4125765330522493
-0.17839790133924144
-0.21258318239381013
0.32016900594078507
0.46605886590962475
-0.27725530978506585
-0.28654313687870425
0.18494773531321387
0.9138854276047065
-0.9306293352167742
0.36890562830980966
-0.33968796602404017
-0.6746328406251123
-0.41403958407937014
-0.48091049805107267
0.0746683089807692
0.051746620612812405
-0.6093109907630703
1.2317204854942787
0.8467839353675273
-0.24227850376738289
0.45009876132209037
1.2116785749160701
-0.8733243075926254
0.37453424476599484
-0.46601034530076646
-0.4725524830460089
-0.4082034808231545
0.6844885807259198
1.0511767993668133
-0.44753587648302295
0.23555027994412805
0.5271890180452081
0.22081502137473852
-0.4624244228801576
-0.5557586837585803
0.48663706644018423
-0.12978808679703122
0.7344023540832365
0.9789064875152482
0.8373868223527237
0.2646593621090958
-0.396800885040959
0.7504233181360567
-0.00487731012150322
-0.7243220049447846
-0.508088011478737
-1.026732675881084
-0.44023003845136194
-0.15185592618589783
-0.06812434441254694
1.1917554923888558
-0.20857816593712564
0.2937251187651907
0.49270716499170253
-0.41763618260340485
0.34950109299940973
0.21575568706576842
-0.3973140671512219
0.0679170240789091
0.9965437988430802
-0.1815689626603274
-0.333695081976767
-1.2056438838017676
0.08379108693220237
-0.7736058473783162
-0.6087599424296395
