bobot2 1160
-0.09043767266905722
-0.6874730069148686
4.350943425976972E-4
-0.6072177673776014
-0.8125359220252446
-0.10053103407135383
0.22175368469890389
-0.6278641361930606
-0.17365258286862015
-0.015049338750361574
0.8293755032375453
-0.642430208466434
-0.5600388545334858
0.16554641542711782
-0.06583328003400885
-0.6498252974672234
-0.25519682133345273
-0.3934377315859671
-0.5962042276412397
-0.6320793378382031
-0.6669755149900758
0.137336861132133
0.04928900210971321
0.703479109759409
0.06632781137732464
0.1329200126534534
0.10678562569443645
-0.06264888227453369
-0.8512000056809688
-0.46607083126444226
0.3340121050276147
-1.1688197392916255
0.3582088142339483
0.6384207644468584
0.0062220308391266466
-0.9165985816847552
-0.2979245159827496
0.8855564304070751
0.30161464850217795
-1.0870152888337683
1.049791411350525
0.19780276086187945
-0.8325030196654404
0.595596020617224
-0.7892657332271581
0.523477415257194
0.5538308045123048
0.03456686134038381
-0.7307718225268035
-1.0455878668366418
0.06906490318454664
-0.01555290431018326
-1.3842748176527024
-0.49341173073781924
0.25284063758105174
-1.0246897079409896
-0.6097284687222314
-0.8146072888258912
0.2358383620402184
-0.36234076298003115
-0.3298822929900531
0.4660060906323329
-0.185571655685415
0.48056673144157785
0.8874830920578035
-0.9793343397070693
1.1936993667351128
-0.12039033597440288
-0.6865088915911017
-0.42617689076761334
0.4412363750611198
0.30080136861521023
-0.267856227396676
0.2526807812229799
0.6710824373654929
-0.5949359164902284
0.9399605445527961
0.4279580955476283
-0.4845979336023158
0.5600353141556579
0.10221523742578206
-0.8836942555599017
-0.8680723769592651
-0.9930259014111219
0.7610868805738304
-0.12107739655241895
0.26507619010456085
-0.20189973899161465
0.9475271994825313
-0.46995040138187727
0.9721781921935129
0.5221922262436738
0.8253525103640942
0.643227687156956
0.7027189385321493
0.4606423319974301
-0.4461624803454551
-0.5448611045868899
-0.03929123872806278
-0.2588464865018305
-0.7575562514734379
0.3879343124637697
-0.04804702025752028
0.8040827764901526
-0.4545611637495459
-0.4148152790475843
0.8794910879165679
0.34853300218802835
-0.5417870350150791
0.9737201957327648
0.5029120349563478
0.2518610224051283
-1.1901992483706092
-0.41630428404846065
-0.063390047843086
-0.2546912141417633
0.48639905793039306
0.6208520521254186
-0.9318576327058701
0.7152463491770754
-1.2323134113374048
0.29876528216964604
-0.8275110548141825
0.5704753160260334
-0.5297623868361545
0.4748636387882431
0.7917279158607513
-1.4024088005856303
-0.2005855393581434
0.23844844187312803
-0.20236840212636936
-0.09756409885425993
-0.2134789217133222
-1.0016638049683644
-0.08161276267577461
-0.3585416410545962
0.4201833201425753
0.6534123386824237
-0.2534990987919672
0.07094272403585983
0.489289256287998
0.7072233868725701
-0.37371802626054634
-0.6017189648414542
-0.005160577220680002
-0.5108700009552013
-0.7284054050083543
0.2698949978006091
0.9951699611753801
-0.2933732927804737
0.5929592121052999
-0.937702291602591
-0.42666212703915274
0.0467077629803688
-0.3707655646817569
-0.3109052015564969
-0.202322245301487
