bobot6 1508
-0.5314558064201411
-0.47649075874434244
0.11502702359559536
-0.35456062627892154
-0.4230303922508523
-0.4268992964526567
0.8507520191643322
-1.409814487009855
-0.8643081503793466
-0.507184593247671
-1.0526870667559503
1.0326009953086668
-0.994076707132755
-0.09283881481352874
-1.2542941397869019
-0.24878270816232942
0.3937565135267416
0.5336200026510736
-0.37280880231479985
-0.679293249926591
-0.3857579401906022
-1.4926767894067798
0.5693982773390716
-0.6875969886673394
0.7260517674257074
0.5870385180093908
1.3795326343248941
0.18882928795015802
-0.024022440310085838
-0.8832059841344566
-0.9893513764142103
-0.35879746301341753
-0.5836970102224552
0.4089528648134693
-0.6547731178115744
0.08409543886834595
0.43912051196436763
1.2891913764353722
0.748314154589455
-0.4654155098084489
0.22276271002192005
-0.45950355460937825
-0.35665264617176967
-0.265625263794134
0.8948339042633715
0.6498289361046634
-0.31090951797347766
-0.1498001263172757
-0.1224342960687301
-0.9757026939675753
0.6985609844357437
-1.3125632668054517
0.37923953109675146
-0.6181010963285067
-0.9774156732058993
0.038231460831952724
0.44591894799746645
0.5187287099140292
0.25099417045663325
0.7814804871793591
-0.7879956426048709
-0.08855545121357433
0.6898877845838177
0.4145527398345429
1.204498222871638
1.1537066994287393
0.44871075915858166
0.5763131267261107
0.45960978947837156
0.44221221810543243
-0.7682932605099161
-0.5781377946408721
1.0459183088231931
-0.033304519547122005
-0.6068675231167903
-0.7554616374364277
0.691580108198066
-0.5352464071683555
0.9604424798982286
-0.8694104821682591
0.7966498951303926
0.0984207838327965
-0.2832630706264544
-1.0437086212525646
0.5951470560315896
-0.7002504792502607
0.2073533069511594
-0.4589660088349355
0.956017687111969
-0.20355158523477918
0.6837810821795194
-0.7893818250916236
-0.7433714192982148
0.3241353835042936
1.1477942947796973
-0.3344071945587964
0.0340264269028093
-0.25013137421388826
0.7149038070571375
0.5297933617762769
-0.4454856598023852
-1.1869691243217864
0.30688995178330253
0.9306030966326071
0.5920535562542439
-0.9659015006928435
-0.9262113294720515
0.06126977589472768
0.8193741951118585
-1.0105364280064237
-1.0266221772667556
0.07536266609040723
0.310300862677498
0.09876960754247577
0.27639451185619557
-0.0022030721359207472
0.6182706686772494
-0.46958781862505017
0.7087429713979754
-0.4310516000432354
-1.306677520833998
-0.5496420504165597
0.4404902408156368
0.4672578960404684
-0.6432236267778846
-0.08901635031817848
0.3591807083316994
0.8069756502955581
-0.256793453567168
0.6592914812291987
0.5106929531520894
0.7201019841835473
0.01212723626321155
0.2274381818906054
-0.12112581578114463
0.16623413901301579
0.9184114627267741
0.623526815285774
-0.9978400825317806
0.5902219072892243
-0.8622791139974776
0.2684629262365067
0.6416530562489992
-0.658804620441223
0.35478393998723
0.9720580441096917
0.5955846789821826
0.7121368916868969
-0.06724533486892398
1.017482833654789
-0.046990588670924954
0.6555456320623819
0.5879836183622346
-0.9958027200279698
-0.5525576847144085
0.7447576966577294
-0.4127352165945468
