9 2329
-0.9757486910797952
0.08455813581849503
-0.31704030155848884
-0.4230069957056726
0.20198722123842328
-0.043996329942314505
-0.7772607979952493
-0.4081789512609433
0.8972433780595117
-0.19936802760361028
-0.34237380001148754
0.5111045167191819
-0.263914154357451
-0.808635078068628
0.47711007004524375
0.29624292746182324
-0.14923956546329276
-0.25569763932442147
-0.9671161515162621
0.9427896133488896
-0.1266811184668608
0.5074845062995186
-0.03400378681292615
-0.783891980183024
0.8359851337438382
0.8122573522466756
0.4699738612894564
0.2468789362387438
0.5715846752156175
0.7923794249309799
0.08577514721516866
0.45819758505310126
0.8030628859629088
0.3248376566746407
0.351390839362955
-0.8739194657316105
0.2693205088597803
0.7576681482940775
-0.18164057621119434
0.7677791270900787
-0.04469986976366069
0.46390438580197135
-0.30058183666176674
-0.49262564672487286
-0.2225430967213755
0.9971053927036031
0.7259648458292198
-0.41429337220380646
-0.07854670169517597
-0.5772565282318252
0.6709569177404342
-0.7382284879894976
0.4371191125227094
0.26105898561313223
0.43232882175282605
0.4952913055491408
-0.3335791891301678
-0.5991813600019067
0.5739616783801165
0.0052497925499781495
-0.3866115606053506
0.32974164280366036
-0.2143087116483895
0.5667555384300642
0.4606511711443051
0.07618521329241013
-0.14920489528410097
0.7386787779916597
-0.9045650644447052
0.3680105780771179
0.3988509972007088
0.6070820624085453
-0.27142048715004874
0.6883778948716079
0.9738138228663933
0.584546647219153
0.4733355607388394
0.1445463535954612
-0.2383905099134016
-0.17692869261489763
0.09640455003760584
0.3645846127916188
-0.30150149036456675
0.37830106118673235
0.06188854518454723
-0.0017754677761714355
-0.37908487379775924
0.9054193837804689
0.45951907565060024
0.8219188136232081
0.6194402012955214
-0.6278828809226287
0.44173801490116804
-0.06550790863857792
-0.17597999185674817
0.04162870336969915
0.38990647774824594
0.07860292856326945
-0.5255042774076619
-0.19109582195811625
0.18812038383096463
0.7345612506477712
0.3199618565270461
0.8655645070095923
-0.29618475688235213
0.30687586180606874
-0.8575755167673467
0.6243647979917888
-0.1424548728832189
0.46023304555707
0.5146838739841288
-0.148530880955291
-0.48997568047769624
-0.5395640124537697
0.7793191051848085
0.03491776906692334
0.8027230637656428
0.23716352278565966
-0.3248955155692905
-0.8397531118839137
-0.4409879039227562
0.8092333548076982
0.03914267939707794
-0.7307021574995167
-0.11394611625618767
-0.30061530426974614
0.5774500330752941
-0.5541679635107222
-0.7866590657739829
-0.9855775774423112
0.823685010954945
0.201644971868701
-0.3380141459183077
0.9778927336306282
-0.9048374732164752
-0.37054805450784745
-0.140430095498852
-0.12371072238039127
-0.49274998946732884
0.14389486588398404
0.09856007977343206
0.6161163124359117
0.9216951277248957
-0.8504012302686725
-0.9179912208695429
-0.6120361319175898
-0.9186127680898715
-0.4447156697290344
0.40845188152060063
-0.704922860967796
-0.876492058138391
0.6955210285091622
-0.5813749434976354
0.22773205408654773
-0.8350199736653474
0.9267829465645585
0.05982156179665221
