46 3050
-1.6721557970686356
-0.08681428117026196
0.7706657981452855
0.1850678317959887
-0.1507123203774458
0.27146456076469444
1.375929924439944
0.8931507375961849
0.7628182804967278
-0.9215083987890735
-0.39892785111637874
0.04246227895472904
-1.0597939253424746
1.1037411218408388
-0.16017173089221737
-1.8348750340937596
0.7538391752507825
0.43186016171437047
1.936839756869115
0.6219585455925751
0.20912809009912522
-1.1101084893023638
0.16681690700965804
0.6767981796254783
0.9191358763775541
-0.33658153960262904
-0.6056857891336705
-1.3052397628547832
-0.08564480390244436
0.5932346023955215
1.3015623677005044
0.4827823695222455
-0.6994319091331136
-1.243171349862533
-0.35134245007691434
0.7939360665507602
-1.6928433098567908
-0.1578975684994136
-0.38551690981946996
-0.6239236155498359
-1.4782303389799623
-1.6030275595990644
-0.08494425434165698
-0.24949983238537204
-0.0328760409277631
-0.3122816238938989
-0.41813064817403167
-0.5778521139205428
-0.4802804918127487
0.7158941379132814
1.8300808887378486
-0.7068050642185433
-0.9895106930792261
-0.659950012730133
-0.046330317016596734
-0.8010132051150687
-1.3133444635668219
-0.6055702094002042
0.23925905605728012
-0.3523415137947588
0.7671006590552797
0.4183686441588841
-0.40982168430610977
-0.3995258931702152
1.3713696478371686
-0.34393707362132175
0.4369048880699038
-0.022937015261514204
-0.0731032456147585
0.5282874552665958
0.35770312280221583
0.3783098986724112
0.1712640743389211
0.7755724902459677
0.8945161344745711
0.09688215659434933
-0.21312273335793672
0.7760130132954446
1.5889073743082087
0.6878464223171878
0.1461174865339494
0.7136339997760008
0.0516262359505619
0.23776497533471957
-0.19790662838394243
-0.2775030133799739
0.913107733592871
-0.8127703887287694
0.2588794774137113
0.1562570438274491
-1.1456742619945242
1.2567445857035364
1.0248069529295059
0.03754698136978539
0.29052773037657176
0.40370811228267595
-0.10032495131493044
-0.7958207394528194
0.9148136806368526
-1.3389281870764733
0.3296723517569188
0.1860396761374703
0.619086125210677
0.6065735668867412
-0.16667514156141963
-0.9033769897384079
0.03247664287845681
0.05359922189445021
0.30014683394955854
-1.5523421892651144
-0.28463664727317173
-0.7200570618889459
2.1149567961482547
-0.3068236350894219
0.6579904146132751
-0.35197951077537437
-1.8137280031037788
0.7043208163525332
-1.2711136145039195
0.28499040332817266
0.34836641683542435
-0.2578927876790568
0.8320567887017676
1.1790580066177687
0.6088127493821616
0.0948455415137208
1.0324984142043507
1.3494114763168368
-0.11638368111570335
1.560225367701021
0.1339147919187785
-0.024529841594596792
0.16149980322612523
0.8148256201673747
0.795444444483297
0.36818574566926565
0.0745182586029059
0.25130856704378224
-1.0447659063310004
0.12763602541924096
0.14404250875819008
0.6582723948371414
-0.6689228647360481
-1.2253222734221243
2.2049979505417716
-0.41625125506032723
-0.14768767833685936
0.5823448598994027
-1.3053157057242804
-0.12651955432656187
-0.8768776714704136
0.6606270113393409
0.6549768491856804
0.6051279182884484
-0.9567876714018085
-0.2959436302915005
0.37623763520976894
