8 2811
0.016894534170625836
-1.4251612463271268
-0.11407443207294188
-1.8972816800380015
-0.12160656484518043
0.14012033069852853
1.3899356413304838
1.6009504320329584
-0.8590955672985279
-0.3457402169663295
1.5399790495374157
1.0773783964416679
-1.0287502470051515
0.5064798872642403
-0.7121339772238907
0.5409361568259515
0.3803989173823702
-0.8985347522000529
-0.4759895533032141
-1.113832629870923
-0.10004815008502035
0.5435235956168784
-0.9727491327167246
-0.06831843359011751
-0.29665063621572846
-0.7174804347075261
0.5199316079454819
-0.2852115253162555
0.23487551021287223
0.07388739668259446
0.11819478654376611
0.10899817547826358
-1.3483828649126646
0.11549957783722711
1.014909073700852
0.5347491658015495
0.2722066345410131
0.009529704844781939
-1.4516890753150113
0.1592663384102075
0.044313854702147965
0.17810172124028067
0.9733878546507448
-0.5741974853211254
0.16017645702868683
0.976835331665356
0.6664525569062059
1.1035928519367504
-0.32077250983236877
-1.0796559976889215
-0.5374338854246021
-0.644798891730754
-0.7655312551669777
0.9313018200663099
-0.24349330509547942
0.49760288984042644
-0.16531864946032815
-0.45972315226949195
0.42831776683593914
-0.5768611276467389
-0.48407570206770806
0.9059515857036984
-0.2090256171687792
-0.16676507129584167
0.8901926306532963
0.14878548601227837
-0.4852823204946307
0.17329928541286757
0.8715222336279407
-1.3293446857066136
1.0667223415540248
0.7293078354468666
0.11335021773506959
-0.12311353928522933
-0.9158819879692182
-1.3248200314294925
0.1942622805465708
-0.3726882477851293
0.6406831765583418
0.438102654550243
-0.5652418921125973
0.8020757969767112
-1.2451740514860004
0.25590607997837994
-0.11730776798889628
-0.25898013663910846
0.6473875746376233
2.6544771412744717
0.16393886181244546
-0.5530533201790555
-1.1247135492120366
-0.8076999802750128
0.48847234815722784
-0.34469360257835785
-1.3910783686524566
-0.6383983543403821
-1.0668643994718077
0.2940735924514288
0.9580742355079964
-0.5719865008225168
0.039128187442589196
0.338989061874451
-0.5390951680186985
-1.1120231496330308
1.208696794834109
-1.4014967945669345
0.0018132413069181785
-0.7055662369038305
-0.2559319908569756
-1.0055271850032519
0.18607858288497045
-0.23266543510712875
-0.4149101309142603
0.13654409499990372
0.4163287932710545
-0.1428052450452932
0.8292446505572085
1.0631972126423002
1.0902014577052155
0.5081149406681051
1.29199611906045
-0.19844478298817814
-0.9309073437167519
-0.48459010903283567
0.3196646926178242
0.8031234163343401
-0.8371940764993857
-0.6608319897987519
0.9370447937438606
-0.10718043864867671
-0.007384804567031028
0.8527659403485323
1.0342551962566504
0.7827846303381624
-1.2275398104858404
0.32299511044712764
-0.8204337312208219
-0.7934781878921493
-0.9561344850568778
-1.4650281548174966
-0.47855195461721023
0.041479687087190784
-0.7754890445699528
0.5638863851115464
-0.3680139562025088
0.021270091015189035
0.24464863972623435
0.4999980820000788
0.8027078893259116
0.48274979132526036
-0.07468941474818169
0.500859901108621
0.25489762718659337
0.6480692381921243
-0.14095344521852993
0.1333036497289286
0.031119941088324117
