Type2-3 29
0.6779221040687535
-0.9062474191045637
0.9221408059083962
-0.8991530911658345
0.633854786830704
0.4751863220768626
0.7920354584575187
-0.22268354467116758
0.250073212374626
-0.7442547901378375
-0.3584811383144715
-0.702866021844928
0.6029619327482689
-0.07939066622541402
0.39781149629592405
-0.28021422361273784
-0.7569212771128991
-0.012263935523259883
0.6670081126049516
-0.5068592118020355
0.8005073435392167
-0.1827405505871219
-0.36496160021926344
-0.3968860388083175
0.38165115431337937
-0.8989418990658045
1.0766816477652674
-0.35132026285648665
0.9987367569602925
0.9917041744602393
0.7045086319819029
0.5648102686639295
0.48314197182432633
-0.5676919601643557
0.06557759031263544
0.9296677196612693
0.31266504063169065
0.29322012009429044
-0.22518654971829233
-0.29319282106451694
-0.052886303027485135
-0.8088147723053244
-0.7259264956508447
0.3929622677843443
-0.5607629105598854
0.09786947238824273
0.8703180357548945
0.9330489405023349
0.7608597162515085
-0.05920058706737619
-0.30174990498569176
-0.15291090828646747
-0.5720432351354342
0.4687335911846999
-0.21217038415827316
-0.7500541295359435
0.04284273162941997
-0.8132695318016175
-1.0677911040789434
-0.4186278554881903
-0.6299409476165853
-0.6812808222090434
0.15950159852039417
0.363104544759723
-0.4268621846504036
0.3797470199598411
-0.49440087874009736
0.5736092689684327
-0.4587860964560378
0.8741153567224194
-0.046629047664937584
0.11987895328101125
0.461851165865651
-0.3536500849492774
-0.005160704096016516
-0.23711554832571435
-0.7193306405948345
-0.7942951057424472
-0.18995232359720193
-0.8526787649381037
0.5316659915618804
0.420575309966725
0.5782034775762188
0.8774481583331696
-0.09694406421044341
0.8366304204223465
-0.5691618599631516
0.6258725744025687
0.30791588601411735
-0.28522531306395016
0.49540894749083053
-0.38641247645939186
-0.5525211810860674
0.5937896067942465
-0.6222809595935914
0.13950496398464854
-0.9268927283096895
0.05849780141437731
0.588009090999582
0.3496639274471376
0.8037781300775425
0.7061086423214935
-0.6811678302975728
-0.034659812351223285
-0.31229509515516185
0.5761879884673193
-0.07329871299956758
0.25165375752921393
-0.2634755902132009
-0.5573483132263011
-0.7858624822488136
-0.20734148067190936
0.63163524126404
0.8304706482717098
0.45914690343098263
0.9261211529753695
0.37039614026742473
-0.6688330428094744
-0.03373539954534063
-0.17336448506767765
-0.4245521571417432
-0.09747625040263386
0.27234684710398005
0.9994083422434823
0.9298969924191538
0.7192964633635707
-0.09283441437596318
-0.21882090338478855
-0.5623539529330057
0.38563987106807746
-0.5817914372750325
1.0738026144224162
0.106813896289856
-0.3725960292381999
-0.11096797922991208
0.2405224152536776
-0.3749052271315534
0.05138602699679154
-0.610328567433996
0.2706155599946077
-0.7754083653073648
-0.4916438403287878
-0.9795155204248873
0.18570711610572133
0.9862706858990486
-0.11815094260341169
-0.7484824465521089
-0.17440498439899244
0.11046556667898692
-0.693039718848433
0.2634408225132179
-0.3729215103654091
-0.8976680383969116
1.040729100750263
-0.515495516550373
-0.4506081634681127
0.9425972371809966
-0.41217657394557455
0.6329890712400815
0.2998867198659818
-0.5083344344598879
0.9969510437316198
-0.14919818620090683
0.11652090662116277
-0.7856274653897872
0.024244467912842682
0.6870313697024089
-0.29824290261193886
-0.1602838072468926
-0.5190142612276507
0.04290265899325685
0.5391879034807574
-0.14988309072750355
0.4403808112704116
0.82993534435321
-0.9715630537658351
0.6700188417500514
-0.3380208328258753
-0.4926798089794493
-0.979037524548134
-0.26511849899566875
-0.7333064168667845
-0.9877933574228994
0.5819179648735668
0.3480728038797384
1.1636495928268396
-0.10904852845332624
-0.9647851645409196
0.15008473239591957
-0.3488557483744643
-0.9129650296188977
0.034541257505317446
0.4215576701374055
0.607118556803053
-0.7584529479803959
-0.16500078463597112
0.17708562946131157
0.005559810102574725
-0.7775380913746298
-0.6322339537529731
-0.8275554257383475
0.809160137990659
0.5037259411294224
-0.7301348069944237
-0.407656639282044
0.4186546150372392
-0.509872873253316
0.8683151077688179
0.8140797948642793
-0.6930731198969216
0.7914472055319811
-0.5090630478692901
0.6705987781064622
0.49060667670096453
0.5893477329572537
0.5542855080238943
0.19255540875713031
-0.700710195372541
-0.4781472732806582
0.5096593979103954
-0.5137592020184678
0.5002384044167582
-0.013771061616002278
-0.4781830041771608
-0.35971228096086594
0.44640221793913704
0.8039945000835627
0.2147197234164277
-0.15966458864570132
-0.2646791858355457
-0.28826729241261106
-0.41143305446123435
0.7129920359061823
0.5204070818353618
0.0924192809761342
0.8079369750210221
-0.5622590519809089
0.6486409967891144
0.4125598867658675
0.39109650623388553
-0.04122432910770321
-0.7872753896525302
-0.3899678737328003
0.6615962547801852
0.8617994421781401
0.5824415467946156
-0.5813151687291
0.13017705683624647
-0.7510511127999325
0.7077964506931207
0.99538903431276
-0.9900710545799934
-0.8289912305113032
0.6339768793456733
-0.9020336053466839
0.5236699383208814
0.5007641364646465
0.8186249644282322
-0.3226058918868864
-0.5812213498042871
0.9308997665013306
-0.05794878360392186
0.5973058020396778
-0.0754656579753851
-0.14824357672465727
0.2810445973282396
0.9026545740220011
-1.0785765369464266
-0.5104963916904433
0.47158917968860986
0.07273301232208151
-0.02894936159122584
0.039169112017962485
-0.4270287882515703
-0.24969282987113472
0.6173563336985921
-0.01960601448108079
-0.3028127541637662
0.6900142301427007
0.14309828437007807
0.1245136955572812
0.22816747615316316
-1.039711155081196
0.35020929572180903
0.15009715555035053
-0.5219971754554944
0.09396838310536174
0.5118031596978914
0.8925089516063791
0.692392979876078
-0.4125100218203048
0.7209000675080799
-0.8346191421439395
0.9014296967302473
-0.4467259128182879
-0.06130344901953261
0.07227850994276966
-0.12676379279194697
-0.36441197650860907
0.018689889014665034
0.6699323406817891
-0.5948408382568047
-0.3145091495053802
-0.11428506653951392
0.2898701642897631
0.48651038587508233
-0.6183452889437309
-0.3930358669360628
-0.9160162812535437
0.22790675571094765
0.5727034571512606
0.901785441466927
-0.5033301587272381
0.1498353430947951
0.5595764304583315
-1.0066874215522787
-0.20955273394489074
0.1729303433525906
-0.1455815555768685
-0.7057765913011929
1.280772186968445
-0.029069370730303024
0.551185291386669
-0.08975436773213581
-1.0418956123568972
0.932352489654602
-0.1602825929166304
0.11924572472127806
0.39000313777604434
-0.4913284784258992
-0.35072869239472976
-0.969826759863528
-0.8182229801586268
-0.8129005252878616
0.36085178011283525
0.3890516223499011
-0.6529196728686665
0.9093192778799288
-0.43507659390861075
-0.09073538356956536
0.2598616570133363
-0.9799678580285353
0.43481288626716025
-0.18019870892258302
0.8689248734646456
-0.687662942871645
-0.5916510628852789
0.667787063529873
0.7165256612089772
0.25774765990288007
-0.032766695402205975
0.649505148003808
0.06889932987008812
0.30516010721359627
1.193180716690988
-0.9858180060112844
-0.026486738960841083
0.16487083212882472
0.05098007589598748
0.7056122989840375
0.5700788664387056
-0.3968499440315507
0.39677042140519814
-0.014992885340789616
0.09936609925167472
0.0975226266043277
0.24431147054652852
-0.30350545873625495
0.06944541646357522
-0.8130970544413767
-0.3099958190854615
0.07886013571324213
0.8553352143125124
-0.20857524995463522
0.3442958863189337
0.9323719344436774
0.679219421646579
-0.27699870324639775
-0.9197618358114756
-0.7242372192727332
-0.5930677084314346
-0.8723071686222109
-0.41372063249345115
1.0221457879002867
0.27397537651097875
0.5155277726788607
-0.2762508593545524
0.2435106406739963
-1.046452710599944
0.7033828448279396
-0.6036962170089124
0.8660017990536946
0.41294309613218794
-0.46916687155921355
0.9972076041237461
0.5339872999877829
0.8277867327049877
-0.1754558846701702
0.1465546628976202
-0.5814985382875737
1.0069900598062722
-0.47405686761807786
0.4637842890115483
0.15907690382145412
1.2683628213553166
-0.10762785296043119
-0.08191460251959784
-0.8560116820834573
-0.2806718388460945
0.12813632938831865
0.0034584010391387476
0.05358729783056751
-0.11441135935583265
0.6299831758544581
0.4827285771705432
-0.9319119814481265
1.1678649856719823
-0.3301150721629429
0.24355494109069076
-0.4149034902122658
-0.3798149747965839
0.1520076784876869
-0.834140748782024
-0.08586040654553628
-0.7863053986990804
0.946015641014791
-0.30642825021312664
0.5471514672884473
0.5490064066324477
0.5142060061863813
-0.6784358066601162
0.7528567655296369
0.41376461138571075
0.07468838031289604
-0.8109744264917231
-0.21891932585497967
-0.10198595595832813
0.46070261847477784
0.24523268906660414
0.31957438393661
0.45828801640134575
-0.835893928129538
-1.1249047953464375
-0.495460041613755
0.619400328073705
0.131542863437595
-0.06564997260982743
0.9117512922296035
-0.33816286733235973
-0.907384998050053
-1.0424664659309217
-0.01973992602552513
0.8520991103608706
-0.9231041509747993
-0.004404059527668147
0.06061040375519458
0.46056827098001873
0.5182142647992953
0.26971359435045117
-0.23914302068058887
-0.8623126250673194
0.12089918498727228
0.09102490857107903
1.0284191675733196
0.7809184334926397
-0.36853408962699924
0.8809405518578088
0.5117534538515474
0.543286494612153
-0.44042692108970943
1.0593018623042685
0.037540718420041586
-0.3451486732481184
-0.09886220429563713
-0.056341162663344234
0.049112802736835104
0.7894414385252648
-0.4601109018614723
-0.8382677072326199
0.41477640577633945
0.5487750391166701
-1.0487174398722758
0.23919934629026374
-0.06433041748009974
1.7581957154323702E-5
-0.4841217681436094
-0.18875904144645228
0.010506337869688381
0.055961041319495725
0.24986442339205434
-0.8176047716663257
0.3040392457260357
0.0313590451922543
0.5325644027019343
-0.9081109631241395
-0.008076546816020741
0.41686667325088533
-0.9154897901928238
0.17738201141945897
0.24977314710772353
0.8189007107802291
0.4004689241369449
-0.16654350361548553
0.7557960510059656
-0.20502728937926476
0.5180541830341088
1.203102462061357
-0.8670955244710872
-0.7826211731022786
0.6955701820643557
-0.2357026817930992
-0.1963903580342608
0.563615739638831
-0.21278271520313333
0.4320458225849409
0.40068943571734084
-0.03586082473079588
1.1160116772853939
-0.43314850915006414
-0.1522684123246464
0.6334299138350039
0.0978895319159445
0.26794317134047696
-1.2170295788718528
0.9392892979679938
-0.532694106050777
0.9841849189311469
1.0464825538414557
0.6838598914540975
-1.2012834053878043
-0.4252289467515966
-1.2695959886212171
0.5078481181871484
-0.9625150616918866
-0.6319889888484332
0.03456822508056917
0.3849874225328993
-0.8620664160211429
-1.1878351143260881
0.546095357628372
0.9231587213593377
0.6508292114315952
-0.2982618334227862
0.30016062001715993
-0.8686215698135575
-0.033052222220076755
1.5453610266520654
-0.00887503050486671
-0.07461137760892274
0.9272303993869195
0.5627669740445778
-0.5875753180579755
0.5297652886876891
0.2852296450796352
-0.21798349940106312
-0.052623724408810996
-0.8247617088274566
0.7252760253857656
-0.11443774453933558
-1.074637352573989
0.6839100132821723
0.007550072792130352
0.23906060166933502
-0.6858354967870186
-0.151675487566157
-0.03759756261547345
1.1348129920136876
-0.9605125145969478
-0.8967144515435232
-0.6615482718550725
-0.5847527896192624
0.09293700997599808
0.5906777044846067
-0.3353609684770116
-0.33622114562910455
0.13336576976911269
-0.45947505361077745
1.083633268115693
-0.3379774965356558
0.5616300032162269
-0.6047934667496058
0.4181268750753433
0.9258534970822287
0.5264441936615595
0.43176304637451435
-0.584997588819655
0.24926607650938593
-0.8159716091601592
0.37101800548577657
-0.2432728780147089
-0.2398772218784579
-0.32682945267528546
-0.3788672648632812
0.43109269523085963
-0.15893455341444068
-0.402579701882621
-0.04949772532729957
-0.10764462194469984
-0.3256463067516353
0.4306650499149872
0.5368172125487342
0.5664518156641163
0.7225210631515739
0.9064638724929962
0.35341360413816214
0.351974120477469
-0.6593949227874254
-0.8070351510447797
0.713464758376337
0.19584801476549554
0.17256196523899148
-0.740851260576843
1.086239177239731
0.8417800448883233
-1.0953966243563893
-0.28482858397712757
0.41687810204320525
-0.9454225215494716
-0.53378155829154
0.8327484927903587
0.13974521494119635
0.6622947847951902
0.43748481735326594
-0.41494125124368986
-0.5166752506096062
