robob4 1805
-0.35386463687293884
0.8367043819847663
-1.478582252470122
-1.004473622052274
2.291988999527705
0.9171288273608241
-3.5508018318672354
-1.4500166470401852
0.4695670892696159
1.033179044991649
-0.4950104092519725
-2.769079027680605
0.6930873191730711
1.2059731690260302
-0.7199300455017819
-1.6191755087430402
-2.669274433610597
0.7269564766256837
1.1840784342847999
-1.13588364240783
1.3547005177547948
-0.7698723915789778
-1.062994209563403
-1.8607377900265243
-3.3464517192683627
0.6678754512622442
-0.9239792961752231
-0.911941823503663
-2.1453215477686323
0.9159724475169637
1.798311915319034
2.123395149466828
-1.0178438162376782
1.2487584646027767
-0.7383537441500017
-1.9232968366221945
-0.7325869484074874
-0.7954691763099172
-0.23545131945285389
-2.816379241049944
2.839657330276505
0.5957928128062138
-0.4407616992662445
-0.15102629346303104
0.8995775636917176
0.1301361028813735
-0.9495486642871481
3.340404718951057
-0.18968514534230957
-1.336234816231068
-0.25739204087051293
3.815023772611963
-2.742254207214169
1.205156284976
0.20978757321281455
-2.928666046190662
-1.391961383656675
1.5765112146314137
-1.6623541334677876
0.8916144944195157
-0.8464247948112398
0.22251355785950225
0.8252329024126799
-0.14459159733270027
-2.2028883873758645
0.2573367487124716
-1.163694437170095
0.8165286551511145
-0.24896051958556908
1.0742924947859518
0.058138465724890266
0.28508332716112295
0.8869127625727368
0.9065442224579353
-1.4732088614254741
-1.5543487301406747
1.9179786398101668
-1.6945756010124369
0.17788485949017965
-0.01376538721637921
2.0133635961674203
-1.813833024581
0.06143301024290457
0.3894774456535013
-1.5151075238749598
-0.6549292942885946
0.09019654230801055
-0.5189124057119089
-1.3219253162632465
0.049645423247423326
-2.050716096493101
0.8661319308815932
0.0344594391251169
-0.9828063635269169
-0.9589728407489222
0.34956236971413474
-1.1355625334573398
-1.4380168201941483
-0.7425698590051619
0.5762704606967549
0.328764119461921
1.092499433266003
0.2507866497118606
0.8811313237308624
-0.1563164256913177
1.1902217600408584
0.005284819211898384
0.5812356593217632
-0.3006197020719705
1.451046050052416
-0.5296291455292768
-0.21155977707074006
0.07187973842634156
-0.6440566486444388
0.02859489409625554
0.28624315974829007
1.2555658832936223
0.38426591502886187
-0.37770021340336846
0.24176218522899082
-0.27771656308964143
-0.9627473004697342
0.3739474040774764
-1.4042202659182357
0.36714099229159053
-0.10134837269779112
1.1614107636457816
0.6650819804807607
0.6647033394833516
0.2034258976050628
-0.1151921789241535
0.40408203517821084
0.559395456594331
0.9991863990834385
0.518606441527926
-0.459726235355415
-0.5959084931205318
-1.3795331051315023
-0.21046785010855035
-0.03683661050130435
1.3183297838158534
-0.5260354303413235
1.316463991502845
0.761661061494099
-0.7324110809605587
0.6251051060457722
-1.4638273722024735
-1.3373446685661805
-0.8845133006703503
0.7798077981460514
-0.4295399819655742
0.9060726876170444
-0.3804577628918505
-0.5803835148354342
0.06714788138521902
-0.011571398133850802
