Type2-9 264
3.1289243422833897
-3.6000322688949367
-0.8470254336759653
1.0011143219869378
1.0235613392275318
1.2965300921742262
2.1835942652031544
-0.3116303452047107
-0.6276150529660515
1.7497483018149544
-1.1748235244770613
-3.218321330178721
1.8748078862633446
3.1342168910081907
0.43553544393749344
-1.9485586822626424
2.269790616254782
-0.8811160585356439
-2.0432581296611843
0.28046712914799143
-0.8245596552748424
-0.20812909097778748
-1.5624650204357038
-1.462724707532182
0.2396013013916346
0.21623601519983582
-0.8046722394395238
2.512843613052261
-0.6488301775823772
0.029198196619084085
-1.6622728502409572
1.1958983077848535
-0.08184904497637369
-0.2582168866852253
2.904005305005318
1.851655543206209
2.18361375291312
0.7950310185296137
-1.030787393867711
-1.4823215903063407
-1.5502295382990892
-1.3061310365225218
-2.398204821149362
2.220543646183549
0.7252017513812614
0.05957254822011207
-1.139942376657084
0.8613179816674018
1.2874061844466034
2.004812717654056
-0.04155804205023528
1.0381822748931007
-1.3584773775559156
-0.4873129853802267
1.513459662446551
-0.026820627171934314
0.16453640411362563
2.7996563540984645
0.5298023022113378
1.2672684463046673
0.12133061569530837
0.426291229112278
0.7133586150138961
0.5130678311318245
0.6442319724623683
1.7076067133857251
1.7842947321381142
-0.6250513041881157
-0.8762732642294659
0.3973426176933328
-0.2607141969375416
-0.6744892475974311
0.5173441182983289
1.7685785664696037
-0.5917469805664592
2.685672242591896
0.012660687301999984
0.9900840160272552
-0.3370948656451751
1.1316665477040957
-1.9099844857776345
8.448493482329789E-5
-3.2947581897193317
0.33287964528510217
2.7457485523265417
1.0339205585779891
-1.5440925326265287
0.191840679425124
0.038514868724505345
0.16189211427649752
1.1972182454023872
-1.1283900344978137
-1.636060823866907
2.4912385327104993
-1.0683463079945008
-1.8724923097140749
0.07154830477182585
1.686351732911437
2.986671909900201
-0.06988459245866077
1.6295881164197863
2.2440824685073677
0.49541398994862523
-1.785094632035029
0.5571957609108684
-1.2242472316836839
-0.0160343724700312
-2.0873815076521955
0.541706201792977
-0.5387971876145226
1.1270131901351994
-0.4273869036568907
-1.1592552440019226
0.8687825970223378
-0.24224396374639628
-0.5026143653090497
2.1478376287814838
-0.10504489371448966
-4.149967580977145
0.41801141385686824
0.352291969561681
0.83993995235509
-2.3443809285550117
-0.9456699761766288
0.8403495009372125
2.1898086292515777
0.4846614966909909
-1.0910406170645768
2.295638969581719
-0.5591467681885542
-3.563339871591576
1.1025033524848147
0.2384083987924992
-0.15033397560024608
1.244506818035173
-0.4157105787784689
-0.4706743855631167
1.341967223683477
1.8762156320591223
0.8228686251950214
0.8987478748697514
-1.7138003720671793
1.5146628171967544
1.087405938438504
-0.8515332594785463
-1.249330019191987
2.8209880717659077
0.08950168892871016
-2.0349202058162756
-1.6532503344683684
1.9498325061983164
-0.15914183174525964
-9.373482083719076E-4
-0.3079645172810771
-1.1136996299309971
0.2282377975214241
-1.5831247272550666
-1.1598416792091146
-2.15324995403033
-1.1001920280889457
2.8881741410604858
1.8340356145495145
0.4423286061462028
-2.1147285761006636
-0.3268098227355039
-0.7457032533926815
1.442557757743708
-1.5110679761059198
-1.6210040440644813
-0.7157386766980598
-0.23687464300013153
-0.2635802325956706
-1.0669045088342208
0.7468028118097161
-0.7212992799689746
-0.2949472956045808
-0.7637192960200903
-0.2347616667453699
-0.210100498263852
-0.6343883920967538
-1.0266028515150754
0.5578272485784133
1.1942853316794944
-1.126486903725393
-0.6419917837625304
-0.4839551943220322
2.2467147273144135
-0.06407545371500573
2.47072155302855
1.2895344055309925
1.0466039874473294
-1.220149590175592
-1.9520085342917477
-0.8319466113563876
-1.11033470425452
-2.3690649037987495
-1.654593623927473
-1.6375311205299645
-1.3843799458545047
0.938017565148919
0.16212810103760883
-0.011361287453959285
-0.4407361210595955
0.8564166786017555
-0.9797115652274884
-1.028507935988942
0.07234861984966809
1.0577470515334086
-0.82649811702474
-0.7200298248152208
0.659329910198109
1.5668609042923451
1.5714897323049597
0.1362511551307256
-2.068939219829502
-0.9810412232144958
-1.3110173593313932
0.7743172099888965
-0.6832033373197456
-1.5106921271475984
2.42284204275833
2.4082437936624697
-2.864438867499817
1.0914734739642489
0.8180196929339346
0.8619651816661977
1.3025056821213157
-0.6118159471842357
-1.1797010901319396
-1.3517206006519467
2.1319960200903956
-1.0828251944375968
0.22909074499341844
2.4766922329455254
0.09110984034904285
0.8128336998564814
0.5130716714434527
-3.533709067336161
1.9144641751960125
-0.7893817040676944
1.7280626049796965
2.8169345590137107
-0.347397870735901
1.209282387322779
-1.0912849630545443
0.10800356062100647
-0.15685758625365506
-0.9353130755855599
1.7020416877406357
8.080600279786188E-4
-2.1872607818506298
-0.6576501681577122
-0.5023723591465603
-1.1897632968509793
-0.05589976628713139
0.19641601030713007
0.2648623928709062
0.4775330758850312
-1.9077198385283625
0.3112727770530679
1.2052757688263125
-0.7258080986059664
1.1443217554373697
0.6914538934967831
-0.27508140603176223
0.09391757962372499
0.49676045740569347
-0.5978239113924613
0.679071733973533
1.0597379030731713
0.6714338149118894
0.4916289594315478
1.0073756802225877
-0.5328845952619671
-1.2391336752465452
-0.03903858573681562
-1.159226826539004
0.338636838034001
-1.0698024672043365
-0.524728012366826
-1.3927141938907308
-0.6222682425641107
0.7638954138785595
0.5524546619873719
-0.8808008844928679
0.9150095947956566
-0.12265361155194653
-0.11346425940493449
0.8723673663446005
-1.1382612389569764
0.08988847383796067
-0.04908825263802882
0.07485290471744571
0.350874131810129
-1.148589282323338
0.05318731179341554
-0.7069606637675032
1.0070579880837525
2.166531259320394
-0.47531761683544693
-0.5257994449361435
-1.9850347299608277
0.9516209686011807
-1.0857934920962116
0.18955447549833992
-1.12664074931345
-0.47115664582072575
1.9097200976263233
0.8372874458506692
-0.5474433193031895
0.2689821125260321
1.7399607659545286
-0.13196193938015716
0.8290600205249902
0.8202399325714689
-0.8412431239870952
-1.4361939864116509
-0.8954082457181717
2.4286505597676946
-0.8681793304925913
0.1992479859207533
-0.6531433489560137
0.8112598334439064
1.092081742071921
-0.3254861615994754
1.1433499915451235
-2.2679879975431754
0.25380556852861
1.5455006509837055
-0.05553642299089716
0.618157758058615
-0.9433062979936206
-0.9266045732310604
0.38919846973820726
0.6817226116889614
-0.28649065507669047
0.043455835132157866
0.022867645845599027
0.9297590888130381
0.508226770102223
-0.41817643519450914
0.03248845123643296
-0.25487734603050055
0.9517014184965649
0.6738288264166907
-0.5866392403885239
0.2058440616527959
0.6223758780860216
-0.7440041631729568
0.9894878876773646
-0.6801497169392781
-1.7839759698224757
-0.39909685717099924
0.511289224295794
0.6774144046252131
1.3827390369662964
1.770231890014241
2.6866351138409774
1.9311079719408186
1.6143687183998285
-1.8480187700689765
-0.35701680008089365
0.9934354995514134
-1.0296166979934713
1.9490414726426677
-2.373951754582792
-0.5197471642907996
2.387279345428879
-1.0079016460289703
1.1673103181918254
-2.355678123638464
0.2557859786092346
2.8052511340643393
2.500260964706102
2.8013485703255303
0.8116874890310758
0.9200925436403226
5.072793218845437
-1.861760451672886
-1.5075936252607058
0.05221222810581802
-1.3252471424800085
0.6322868143598172
1.7036440903877863
-1.0471431664298987
0.37707955441540836
-1.8114886974606494
-0.5611839652328059
1.0822194528999016
1.0280559848583022
-0.6788015080202098
-0.12629363530472784
-0.11628403350755082
-0.13042480044746976
0.32400765896849515
0.48890749548677126
0.2582951296928201
-0.303372493287769
2.2393664140908696
0.2843258002101733
-1.3912500543827033
-1.7477721664388006
0.24830842102753917
-2.594924074213562
1.9421521982675805
1.7555784990055916
0.8210204223054604
1.7333463062697487
-2.465122568635592
-2.2957271429377
-2.881059135387193
0.2851936217874846
1.2509040951825163
1.3819088395395127
-0.24104539324319224
1.9214587599900994
-1.208890218678846
-0.6048395417869139
0.6279646108888987
-0.8480450340213195
-0.7535088782935312
0.9831246393729578
1.9434063475366665
-2.3747903169547953
0.5733383713048075
-1.2666885239277212
-1.1250637412156757
-0.28839549974707657
1.1337466380715993
-1.4031619535754782
-1.1412299068215446
0.8452775296031295
-0.28642492446339046
1.0134574354289547
-1.1203627246259793
-0.1243210264241128
0.6102502651204329
1.7825212673851936
0.9266530100571412
1.7532362715597445
1.5430853034338021
0.6472769405195564
-2.551806614681428
3.3615187871489742
-0.1078753431816516
-0.9263855578560054
0.1997600355489321
-0.2184226411162072
-0.6258084926626898
1.8442235415596764
-1.9912092498003124
0.042438071690814566
-0.5298208602784197
1.6259639249472
-2.3136968486477585
0.9693313814070518
-0.04872276277046919
1.1681862100520213
-0.5040962845166801
-0.5612707976919501
0.23317979254699778
0.47133936032024026
-1.2551849982592516
-2.395401307535133
-0.40428713643646746
-0.05102301275522375
0.1986455134591414
0.4872467293380034
-1.1412705882121599
2.2617424741294077
-2.1851572489637974
-0.9224906828120958
-1.1548366169578774
-0.5795067665804351
0.00290809870722529
-2.3482122690518246
0.7835343458530335
0.551976783608177
1.5190539417903064
0.9249786421957591
0.7632137166507406
-1.2204072134058626
-1.5443691940149025
0.8499927488060512
-2.352686150735494
0.8376301220575988
1.3057603962689968
0.7821990501629271
-1.527222242518772
-1.3031065360583445
-1.083794343944063
-0.7762502071038244
0.19182751348742122
0.0718223411822437
0.36267867122032854
0.12710052540256558
1.119778508019911
-0.8766275211441377
-0.4583266894602985
-0.40744265806355734
0.05726314998531448
0.514325580197373
-0.9041661583106362
1.6052147276900053
-0.4091473443816992
0.16899560454587148
0.0263448895344955
-0.2812784847842177
-0.31001728396691003
-0.840168398752607
0.19805226294608402
1.0379229254461533
-0.9479341317083988
-0.9238539614964192
-0.007114451328736532
-0.3033177817690842
0.8568354534298048
-0.4714456734359584
-0.47091227109935685
-0.7056386602482199
0.23452129644788955
0.17425935477990018
-0.17625060805812348
0.28511202805826324
0.0988169256700754
-0.3532127002253036
0.05466665810611712
0.033138045312371106
1.5522315977445837
1.6117336555482948
-0.42006784259617613
0.2592400370437876
-0.24420177798383225
-0.8776912083319572
0.6215037701260533
-0.41269237608527676
-0.5922548614469986
0.4942808550931996
-0.18337849938351497
0.16668151476069545
-0.4565861668386771
-0.16771490515973228
-0.7068968705629036
0.41555090222910684
-0.32657300496063113
-0.17971304445180047
-0.8525354111328204
-0.0614038001545089
0.20779117518214327
-0.9100150354151831
0.09673716635212296
0.38941695353790945
-0.1762165277454142
-0.4675374214364869
0.4170495816031426
-0.4403576249647747
-0.3973384688689957
1.5899795807798691
0.7250566419249916
0.04208974169464644
1.3416834804298545
0.7143019629115206
0.7156826335411074
0.14108284107811048
-1.3544027279526099
0.4150711594184
0.12161636174277621
0.5388856322268887
0.27882001164638104
-0.09253873356153025
-0.424332254889482
-1.0820009742868215
-0.243548399002872
-0.19257354279948985
-0.4564233291033034
0.5908764881488585
-0.2851612491201655
-0.2980421840774674
-0.46334630982739283
-0.6588330539312718
0.1427088200939474
0.47038581586907235
-0.5983652911443462
1.3292094634425007
-0.14230938336929355
-0.6455694203278759
-0.09934356223424858
1.3259475235766258
0.7634247467774854
-0.761538120393358
1.3709221562883702
-0.6970152351253991
0.3386474100830049
-1.1235467847506118
1.2505910057103378
0.45086960393479636
-0.6888059036174438
0.009730608705508625
-0.19680796967852562
-0.5402497355779536
-1.0981037240826048
0.7581634149036101
0.19969722108603366
-0.6267923832330278
0.7563092250733925
0.5498976565326215
-0.7525408059950514
-0.9473043069544254
0.5068138751039389
0.8801434476217991
-0.5087621781120173
1.124010530065898
-0.4437975223082051
0.8175061337160162
-0.13235467108586868
-0.4962806008767097
1.204949583173764
-1.0325900095696838
0.23406816981430484
0.5977284037782692
1.0241105395802363
0.1937508657476034
-1.1595095245355727
-0.2924194497553124
-0.06467263651901273
