12 1457
-0.3099878924969164
-0.8258694421449646
-0.7696242614458093
-1.7387309203258905
-0.6223871314369275
0.40341242048667614
0.37442474530139147
1.3440899522065652
-0.2495293146372932
0.7702777362361599
0.7194185482566822
1.192015351548752
-1.068734813848549
1.0284219081232233
-0.515598113175104
0.11506535405185035
0.02953336801147627
-1.022144026759546
-0.11432803690673804
-0.8692085472944586
0.5170070406136741
0.6114079891173392
-0.14384238366902535
0.19935687351552261
-0.5509733151655576
0.018237681665538505
0.7669107300416842
-0.9216350459633647
1.2824208231934606
0.29610957863229387
0.4181682271664186
-0.1922210586454307
-0.47381426231496093
-0.3776857068100083
1.0302489393115148
-0.5511779646904145
0.4751978743631864
0.31049701806793967
0.11927544386530574
0.9059529985337978
-0.9712491705179441
0.37658563587501104
0.7307870124538886
-0.36059444200686797
0.041585614506337576
0.2254895519546078
-0.6452246900312075
0.9083391662634912
-0.49762060076223347
0.8689678703947236
0.3078611189538216
1.3521419829054642
-0.6110164109484197
0.35442220272626834
0.17391461543992476
-0.5640279010105685
-0.7035645066994914
-1.7817725823382196
-0.712862372810187
1.2675739506606618
0.9523009347633232
0.6471215552534941
0.5152835675298604
1.434069654004993
1.7786011449701595
1.014648004991687
0.8578567470550702
0.18909629516236315
-0.13586806723577752
0.027138638921624093
-0.8779464446930342
-0.8103832942559683
-1.027645787957453
-0.12547862188109443
0.5327426388475707
0.9449823677506699
-0.7885595914278979
-0.7186831965196199
0.525334604161309
-0.07135621925464691
1.0493440114717285
0.629980695884805
0.41316774274046164
0.24816819557842557
-0.8578169796557975
-0.06971891166837749
0.6183713389858964
0.4055687115778386
-0.5888949083027473
-0.5302270547761618
-1.0082843452717716
0.5702181015315638
0.604680923582015
0.32607125089535
-0.2002498607857305
-0.8433998806448049
0.3477585868497462
-0.5931111602305135
-0.3908665464664738
0.8389681681274002
1.0432749303594264
-0.661958662830685
-0.801521662890334
-0.8973911160962676
-0.18904087670202366
-0.35769740281176365
-0.2983044269522449
-1.00866297661766
-0.3044073849007868
-0.07122318481577852
-0.16020405561596962
-0.25951846737928613
0.7426414000279252
-1.038228648404223
-0.8696101669787922
0.6236199189656267
0.6036876470518238
-0.5710098617360297
0.622728090691228
0.1523079849663978
0.6652050895425157
0.11046596089077315
-0.09219492179758171
-0.49597653091224403
0.24873254018443647
-0.8174014147074401
0.3225382232682401
-1.0712263618860627
0.6363670534236217
-0.7856805491983967
1.0605518523424597
0.631275952059136
-0.4384124158351056
-0.8912968223758496
-0.527766463805592
1.252202038514738
-1.0261862258936787
-0.4281476525980168
-0.8204669598431538
-0.7052608012370343
1.1264505850033224
0.8101908430030889
-0.6086275914278294
-1.089870652191169
-1.4158416949598809
0.840493321714368
0.8351802851156047
0.4558572029522511
0.5484901267743894
-0.6551292653203307
-0.40535196555224406
-0.19458534115218046
0.9909329795363473
0.8171290492478169
-0.3738353696764015
-0.6442042839626005
0.10667425361557736
