48 3617
-1.6709793413524061
0.17116673046946473
1.182300396804298
0.08398285884503978
-0.015124112724714756
0.004595616223636363
1.8492462278103423
0.92906273728097
0.5127886498918942
-0.8962784790461558
0.06720410268207788
-0.5679634085706444
-0.7783715675218474
0.9570918971120538
0.6514439190470701
-1.9425766113612806
0.9462989942799839
0.4519551503010307
2.204376198018709
0.2304871369646558
0.19416768945221444
-0.9179720596435466
0.34131652238521676
0.36892192018004466
0.6191144612735489
-0.2900775339591509
-0.6414704954972849
-1.3493446683151784
-0.14410385265406464
0.40277014352513885
1.215925350953494
0.7265823709700758
-0.834594112091563
-1.7585340241262317
-0.2968346535153366
1.3145571685094863
-1.8135866958560891
0.03414277509626956
-0.39453235779624435
-0.6609626475827992
-1.8615692856401092
-1.4105458028960116
-0.4757896208050202
-0.3905558762871636
-0.22123305272260607
-0.38547255776634043
0.17752747324291424
-0.2183326166764394
-0.41054759086293136
-0.008414966450033937
1.7372964833340672
-1.0533066879756023
-0.5766006836434583
-1.0974117595765909
-0.3010906024497087
-0.9473812889537767
-0.6848166276942973
-0.09346531277754203
0.28669567245407673
-0.08202718754481936
0.2552579106147151
-0.03521582491298263
-0.25551525043563356
0.3254857675778554
1.8335044289459774
0.261919096909851
0.2720564461274137
-0.8241239112986884
0.8217185028741806
1.3144038095311026
0.29148274648419686
0.7905237029842731
0.8546482891419012
1.3569741217948998
1.5883919382267537
0.7636951452235254
-0.5534459955464845
1.6502032554749917
1.1510127257910665
1.002871614303832
0.02553746307985097
1.1475555022450736
-0.4752920528870732
0.8250971802162445
-0.23497021738073864
-0.04497690516084604
1.0865131894230906
-1.3853857612881129
-1.8175279413060925
-0.3425260900595566
-0.9219757222278471
0.5516488600233366
1.1955063273733957
0.42259938907625666
1.0486254029123145
0.010700717579093244
0.5919472726111601
-0.9539338865229753
0.8835489785035114
-1.1188981064915091
0.6808429707926298
0.5657024220931162
0.4469583172628688
1.6163351662152996
-0.0948175499298777
-0.5670359150798429
0.29039174551062036
-0.021971132876616534
0.08601806585962601
-1.1885762943836058
-0.35399410724249264
-0.811034069549104
2.0061962260646036
-0.5633173309564924
0.5594867631645738
-0.6492744512138113
-1.1841340169834944
1.9403467528428602
-0.6173334338256762
0.046216629751189175
0.6105139777710525
-0.253874774723154
0.5645048378295706
1.8371323165063003
1.4464359416655523
-0.09319995234987524
-0.10344800820095627
1.1391321797525191
-0.1681866128830752
1.9593534260508982
-0.5769381784580492
-1.057474423026611
0.7932827223244047
0.5557008074454572
0.8101739603695606
0.06607013995569924
0.2383467578397653
0.48045809131362605
-1.0298344250710665
0.8616702455083597
0.11869327660450632
0.662820444684247
-0.2630157123874811
-1.6688698409631448
2.1938655538908116
-0.3653546840131733
0.7080242705798361
0.7301199943383931
-1.5502931038332168
0.22398053186675254
-0.7092802814512134
0.6111976513492474
0.6973479535309868
0.698654789307247
-0.6119414355983459
0.10397583479115267
0.2809694203138659
