Type2-6 5145
1.6348984892364122
-2.9403448994580845
0.4900361117615484
0.9697202998838366
0.29473765864217705
0.4174495213585354
1.7049536555209717
-0.5203163520758816
1.5305020059633372
1.570397489324997
-2.7365720896638277
-2.5328480946684024
1.7599160554759379
1.6494274343535358
0.7360414475487492
-1.4263697602809455
0.9349400565411963
-0.89632822570261
-1.6221400477406844
-0.13595171048619425
-0.6810038460634186
0.13709281246089175
-0.31533120762916045
-0.7471229089544469
1.0373993987329844
0.6485635357934343
-0.9218673657494054
1.8002973236229172
-0.37805071251923483
0.031190486915949375
-0.8149556422424011
0.5501580056887445
-0.16314065341529296
1.1401370883296353
2.5055770784728733
2.8881790263923044
0.702293831098765
-0.29813880884522437
-0.44416664474208517
-1.787036040822081
-2.586707691498062
0.664924171115623
-1.8163882948174495
2.0137773245829598
-0.1302105968427975
0.0638491168788925
-0.16194472027740997
0.8595233080567255
-0.0984684062023786
2.096863875448344
-0.8642428420329178
0.18096372904448363
0.22657486313051045
0.4814701264298803
2.177860910670796
-0.14572194289204926
0.209516061659604
1.3911706171670166
-0.44617216314671315
0.31048767714947056
-0.7085764715947857
0.662907420026973
1.076976831407252
0.17673522658750682
0.017796644444491153
0.34916856542817554
0.9587248843526217
-1.3379508957348119
-0.3209394013989792
0.9169951934123798
-0.20194194886211325
0.17111451510398668
0.5229910658308226
1.868721099488642
0.35338302896981705
1.2984043027622938
-1.159729916648461
0.42043781618439063
0.49198144147651557
-0.04701109866720732
-1.4529846209275783
0.15985307950999408
-2.0288406005060677
-0.22215738486672154
1.2109060523302406
0.4081267591142666
-1.3420016705199984
0.4137713356112761
1.0265314212924876
2.16973057235257
0.570046981589555
-1.1993227700983196
-0.40007192654075335
0.47790776656472156
-1.0460885510494056
-1.1376666610667612
-1.0606309888618983
0.4483035575571287
2.2117891171149884
-0.2332231455584866
1.9385554903940083
0.045141405760631914
1.424056620550495
-2.2348698410973102
0.27352711407142816
-0.10288273333623688
0.6074586174960239
-0.6021648792619376
0.7869543712449436
1.2702058646320789
0.9636302485189068
0.8041524403330262
-0.6054275645090749
0.49674018683647897
-0.0020006386343920934
-0.09430943048804902
1.033264377144199
-1.3635219492864905
-3.883595630795627
0.32606043371206234
-0.21391485726425125
-0.34750674085686944
-1.7498936124203455
-1.9661197669254726
1.4061695898251663
2.4051976862556628
0.8588694031155243
-0.72868747811802
0.6399255854629216
0.536033280417192
-1.1713925434922534
-0.9257982925672655
0.8997351781970389
0.15311335947307417
1.1058434744020256
1.62076433523788
-1.325109798569638
-0.8906466075207311
0.15920858721699913
-0.3640128923777197
0.015817786289041125
0.11122613604782275
-0.022037541985421183
1.0500221074701945
-0.047489389878524746
-1.1150862829926245
1.1007571413521786
-1.1707805007774084
-1.2312887389276164
-1.61361158539933
1.2024988210440204
-0.5533789143603426
-0.2860614547716233
-0.0184354969646274
-0.6966925018944253
0.6463917545691078
-0.6258176362834496
-1.1370949940453057
-0.3510000627003757
-0.6824886110464576
1.6433352166185247
0.8298683331794244
0.2419360209138948
-1.5545881927318363
1.9387297875369205
0.8070504191204356
1.8574183047529336
-2.842377685918675
-0.08075770902756602
-0.06700943569507084
-1.1337412543207928
0.558699033897726
0.24095104497205305
1.0016631066792245
0.27736749146599793
0.7555991493671048
0.7199934935762686
0.368218112897361
0.7698889260168866
-0.3678343086796845
0.40618558187995357
-0.611077463923829
-0.07746807247317378
-0.25216005749048565
0.5509619159731048
-0.03653934648000812
0.8196278438508027
0.071858155184225
-0.0721898969558433
0.49424962171011766
-0.5350886445960006
-0.18126205390168443
-0.9336686870585847
-0.20841732349654954
0.4727111934909774
-0.5529014558486745
-0.616480279063043
-0.3622295844057949
0.8882611127156936
0.4925092331978741
0.2986373705487695
-0.5338717258672079
-0.5898262168320414
-0.33208377338485606
0.8834480116843004
-0.7205764240725795
-0.38511133926483787
0.21586999516525943
-0.7050480799369447
-0.7343864457015234
0.8502162879043853
-0.8451129139014415
-0.9983903761023925
-0.2061936112867644
-0.01898058949268533
-0.5603736734518949
-0.8179369086734591
0.7108950000406846
-0.1605889356755461
-0.857955642569226
-0.8888697982739351
-0.5026209759198905
0.8086128116351938
-0.9452973996964265
0.9670258056819958
-0.9327504918823915
0.40672890454830957
-0.6248358238223612
0.4566004455527941
0.5841572732082734
0.23114420206065267
0.5721351905569912
0.5535376595004111
-0.17992016437976072
0.22612098932534108
-0.6493424284921954
-0.7328318963995393
-0.1108542429919673
0.9950795419715235
0.12165495350755692
-0.23978523114381933
0.17992578995859088
-0.8020166543923106
0.8722013501912143
0.584607847801345
-0.518030662925872
0.13219789376948565
0.18816193869233233
0.5002553408071829
-0.4666686322156297
0.1810066605436477
0.34571907245510636
-0.06355963830310463
-0.9923061166463807
0.15153383044280466
0.9060867313084936
-0.19258294333378667
-0.2833332209310855
0.500126782648876
-0.6536581909074259
0.45839188296861666
-0.9721242349468062
-0.939161474919952
-0.7735019391799878
-0.6650295984150681
0.05620489435884579
0.2837308537481191
0.9150879212024556
-0.6033091825228708
-0.9294252925479587
0.6422496193885909
-0.6714503602030691
-0.6635649525420001
-0.45925020454474885
-0.39849919019070024
-0.24429788682259126
0.051114508347175125
0.40400020342184595
0.48935175552431187
-1.0724484038592947
0.6600280992461188
-0.06406476775664616
0.0063847053135847875
-0.4859257056576483
-0.49375522477593425
-0.9840805013292065
0.8536429491059931
0.6871021565759139
0.3073794946442714
0.25101710810993194
0.5273925727319386
-0.6326563586173574
0.9164934854588807
0.33741757017219265
0.15810112660187814
-0.36681095367037997
0.025672941909505864
-0.8652119096033148
0.4687949856303551
0.09560841869807188
0.2011326247969072
0.11678852402915929
-0.13392503913431464
0.39546935594012245
-0.5299861199381124
-0.6335666898827068
0.6190356947613732
-0.1730505937655927
0.5593541685501656
-0.17242564456908283
0.38532590748528867
0.5146812760907173
0.8436569257122233
0.3989963585483052
0.3716126594447853
-0.5466767805508652
-0.5146556037708765
-0.1671787247673767
0.7987003532602612
0.6626456162981396
-0.5367062118404872
-0.5364712552151181
0.17122000892975864
0.6439373868230733
0.9638926798984723
-0.7158675570538889
-0.5768137430612079
0.22771172571289633
0.583712546089862
0.2989606563587456
-0.6892545680375612
0.5043685997486258
0.01856231470458647
-0.8070578998949236
-0.6466427172960291
1.244584044955185
0.11085888348653383
0.040095096231890226
0.6837872483950482
-0.7565925207439884
-0.22975471202508135
-0.9372963208281301
-0.19870071457968155
0.8200796593761638
-0.5583021250836129
-0.5203711699703957
-0.11519664507962024
0.8149828597558579
-0.11763396614960056
-0.9494627076058015
0.37032623913319784
-1.1934570023719873
0.06800449341423641
-0.6253778450977118
0.6704749199624325
-0.9591184238873292
-0.11621052493675556
0.4257298820586404
-0.7359152778448341
0.36261360360402245
-0.1773703694405011
-0.4814655282975929
-0.7041099309555727
-0.4568184514870477
0.5293557314174089
-0.13681769198075894
0.23323512153051018
-0.08401690882786811
0.27143347427333886
-0.024868761595193467
-0.1688995611653293
-0.7767400147768723
-0.6099400279073361
0.19832189283916427
0.20684560059486157
0.962840538775563
0.9747470123812689
0.6626742826386389
-0.26437807570673244
0.27133589039078854
-0.9591164291108707
-0.8740206102939423
0.7236296856808249
0.7147883473693291
-0.3505616350177536
-0.1535093155740325
0.6228152593300602
-0.34502179713950853
-0.9119364162056824
0.8449917760786526
-0.8131311636939582
0.5500698829589292
0.5477332399056234
-0.029273331671748587
0.47599131779015846
-0.6418668236927076
-0.3673608789655593
-0.6812224632017694
-0.7650925829246676
0.06276220054871606
-0.0029009946251117302
0.22341179476141546
-0.5418562349667391
0.3336050322487052
-0.3275199642943925
-0.8078211871991763
0.9194783167594626
-0.1364650076403578
-0.22314141928978004
0.7923811246477854
-0.38201119328897437
0.4767842318755505
0.2062935256162763
0.09170819809504893
-0.5841811246838771
-0.5447511186603429
0.10788762029246812
0.38091763343958424
-0.9514603077800916
-0.008436096173585206
-0.015428553692526645
-0.7552558506641883
0.19954476432722296
0.5564717473372742
-0.7467701011920056
1.1680822239300674
-0.4330768411853063
-0.7738699367680959
0.8036734619955848
0.6811454937497101
-0.6175035502661068
0.653010563709703
0.4819059449521545
-0.9072390739601107
-0.5575299795813236
-0.005875392756648168
0.6193653998090902
0.5834234516232581
-0.7588720989811961
0.4944151994631877
0.7628885038558604
0.8466129028151186
-0.7719026469575203
-0.03951594344507359
1.1379048496728612
0.056469390652603035
-0.2840527511128139
-0.72409042580289
-0.659410629068159
0.5487586662657842
0.608158143455245
0.32461258487767
-0.2541085701066116
0.0945710110731417
-0.1432573096137062
0.19612374720438952
-0.7427420366119527
0.9188845200355023
-0.9641511124569935
-1.0287680006935822
-0.1590413410850542
0.6769400339167517
0.11610433912286489
-0.5823725428505672
0.27210648117166003
-0.3474507915903384
0.8306144633242707
-0.1410844128241755
-0.1897285012305106
0.4573693580897802
-0.0022870130820076273
-0.17264020169314098
-0.2262350305143207
-0.420703342047535
0.7162424571556278
1.172722278686367
0.9367542193589806
-0.5888902912366827
-0.11636502978126115
-0.6396094602892337
0.31411255150421313
0.9794878912252731
-0.6263607892819097
0.27361881791562004
-0.8336238332441234
0.9845880306884112
0.8793208603424294
-0.685335451554451
0.7857606166559485
-0.8508606325146806
0.8820823127600252
0.6351125837266802
0.6278764541884969
0.5665532650778742
-1.0109745078799919
-0.7545688322938323
-0.411040216180426
-0.4155749471854393
0.8551273320075878
0.005810740498362721
0.08634188841114271
-0.43312511910737905
-0.14154181993251402
0.9103055453127592
0.2572366517943914
0.3042466067503795
0.003777843266217662
-0.6325080010792657
0.23951603094952326
-0.7661126381962974
0.38903147066107713
0.5452300842265353
-0.4949350847445657
-0.7661154399457587
-0.2671501472524298
-0.79011633235727
0.7658006833884604
-0.018358823604003316
-0.3970438833833979
-0.8166506257044905
0.28145229782194603
-0.08645510191031414
-0.6351104987571463
0.7669978299631759
0.8174332501045349
-0.2678503460839391
-0.2402369271806878
-0.28531671181127316
0.9745482958744772
0.6562757372271804
-0.27411487663645573
0.1105466530072739
-0.30067313747639257
-0.600697597100212
0.18868428093365405
-0.05453371898591247
-0.8098781548208482
0.32073360119706923
-0.6806203984831254
0.12628623273972095
-0.26243057696732186
0.0051705113222910715
-0.11966309735945613
0.12459958924046055
-0.48604224265969087
0.2823194224525105
-1.0108246251753854
0.5806359976682895
0.27871196648894164
-0.7038072445176421
0.27047825507830847
-0.07734145537105014
-0.77626257597595
-0.7054942023054189
0.38763356741279087
-0.6746774190504589
-0.31268804651486737
1.2066490267897314
0.7691142755206374
0.3807794989100833
0.9741171565461373
0.4188300916042049
0.9450812087433732
0.3587012067054367
-0.26605988791226387
0.1955497006322311
0.31090311887433897
0.15809313602081448
-0.369487266256587
-0.2168680844692974
0.3037196042379626
-0.6027374931583014
0.2705424672731849
-0.16335135845828486
-0.38219082924266634
0.6040270361248431
0.23297212753677377
-0.03248883482049192
-0.759752473741834
-0.8587783922607863
-0.0460166224754599
0.5749544722290714
-0.8025508427208339
0.387897467280286
-0.7094386415655722
-0.9020474003965535
-0.4272684358521093
0.5845353206117547
0.7926738400883013
0.03340673764966956
0.7282047671627667
-1.042622044358159
0.5482287276106943
-0.9741568876930671
0.9353212503016184
0.37711262790488975
-0.545336324129458
0.34624159239344277
-0.016099352464939987
-0.5770776094153609
-1.0891421888642134
0.2303457374028848
0.01811292490614469
-0.47373853182724623
0.6143368226725348
0.6585301619486188
-0.6526405543146809
-0.3586894700913539
0.3121455258702482
0.5229477131601613
0.30534285468089783
0.6867359496525656
-0.4662353599588869
0.3612326619977857
-0.014306713530124693
0.24765515558179466
0.4647865157920483
-0.4868893185703511
-0.009447862392368556
-0.01401615189127707
0.4267715400692773
0.21765043554265234
-0.5254249159481117
0.1679182252295346
-0.32215658591217533
