robob 1844
0.5959653969390484
0.5126871202393558
-0.4229979132035021
-0.48301168403576467
0.131359939636645
1.2900113273400164
0.17142780396678048
0.24546225287283283
0.5678591628964718
0.2862891626551878
-0.005108926819137133
0.10997798684235044
-0.530646358101646
0.38753528856990815
-0.7863716436429197
-0.3239937960463936
-0.5404454845992539
1.1170477392113116
0.5750952891241184
-0.8414638594612153
-0.17183587948928492
0.6965297763114264
0.6572125135594994
0.8143111394433957
0.9722705833532747
0.40735829088537046
0.23812635734135848
0.9759432986436463
0.042227948366163004
-0.16534881156544942
-0.20627802371964657
-0.8038393858546796
-0.1520567516002294
-0.5335209677192796
0.21506184954619545
0.8971637793738527
-0.9077324373999346
0.6668833251743788
-1.1031080046513182
0.8329411791880859
0.9811436032109585
-0.655716914731479
1.0060089665405154
-0.40811040251218006
0.44441489937267553
0.1369104641139837
-0.8439737685515054
-0.7397505071804755
0.07725972262648757
0.19739300850779912
-0.3472894584408599
0.5411799330839528
0.518295765914822
0.25654479452256046
-0.9442078959104322
-0.04737914897454246
1.5637913218261934
-1.000460197205202
-0.6280008766481231
0.4373716714307546
0.09574647181017387
1.1908767942657585
-0.06795763918458606
0.06929839288266844
-0.7465739530740548
0.8657599966773991
-0.5571267185923489
0.34573775659822725
0.9722159521429552
-1.2457367465406455
0.3293818629893386
-0.2033916065658451
-0.7045808867977486
-0.5621907100387645
0.7950963896176989
0.25444635883680733
0.35979781877443223
0.14799794818994583
0.35579453247411497
0.25570234578537765
-0.6203106196222659
0.9766519464500505
0.8510768322602493
0.4734327509938001
-0.6629154447517813
-0.1912686954168949
-0.37465483033408375
0.3888345011636418
0.6196424146032503
1.2551972491987196
0.16096223964795242
0.4045540884574322
-1.0822959884383987
-0.6096930437236735
0.6386709614497257
-0.4446159922037499
-0.40912930218535304
0.009323165961735186
0.18532031203262098
-0.9616345441915546
0.15709002414461387
-0.9520714239319558
-0.2322021435893357
-0.29877165015478185
-0.216467190294922
-0.8019828090377019
0.4119265413961819
-0.36782462618344947
0.1621154863114913
-0.2207034211936925
0.11843441227727898
-0.6907614666505428
0.3011240577733839
0.1542131471961985
-0.3535288914125936
-0.7214307701733036
0.8567757650730072
0.7510666614159345
-0.4875202641950383
1.0381863147838737
-0.7840595710386937
0.8021312700831003
0.7041131806530616
0.03331177381655939
0.863269250982738
-0.42766029051189614
-0.20421263372946252
0.7147619040790958
0.948220754212916
-0.09157940786120716
-0.12534826043775957
0.4581164444371724
-0.8126375261004968
0.08618450104591817
0.7753018548943689
0.007266793973043556
0.5355968505248205
0.7905865467290083
-0.0656913793831804
-0.22190758438500316
-0.7399995433384079
0.9566493444839506
0.34363161971934797
-0.6271824650464547
0.17818446522255135
-0.6306434490849409
0.7453384426480507
0.09637486371208859
-0.12714761028550603
-0.9315870843191074
-0.08015244709269438
-0.30258668082799856
-0.010871373411506013
-0.12634812599557907
0.43591921515619914
0.19374761265306775
