3 208
-0.8724466296831828
0.43680201164681404
-1.0937752972997405
-0.9081716082685349
0.6829145842679194
0.19262701769371127
-0.838344864565373
-6.282500724280049E-4
-0.07814703595464034
-0.7603435713020019
-0.45491363487204184
-1.0557237214766908
0.6573572856700431
0.40896995551340204
-0.699706096166771
-0.9137636690579458
-1.240092799189449
-0.36607845089254054
0.39906848800985617
-0.2271763360485246
0.2290701347469366
0.46412690459787376
-0.4178957353349704
-0.4133576025005238
0.5346626799979648
-0.13736429482648593
0.734771612490619
-0.17057617423685112
1.1316115865116543
-0.31592808726710925
-0.2151263713501726
1.3347710415597227
0.6835142675833665
-0.731604928222791
-0.8871378317917104
0.8721835295021122
-0.3007536740694898
-1.0505126865596166
-0.5166187906572849
0.48374620539439495
0.855227675615439
-0.6613684014572475
0.13781721653189277
0.7400170326238151
-0.6099643746930024
-0.717138549412964
0.7735051232940702
-0.2748906630371234
0.1794799124980347
-0.7506078236713112
0.4625599327291581
0.5570269126727677
-0.25923843157029536
0.47289100178447574
-0.5428111053756314
0.9695957809871829
0.03779057977100808
0.04201466962486594
1.0427847619011275
-0.024378563441246226
0.8299522517644543
-0.24425830871336152
-0.6984472903743152
-0.14086204158436888
-0.7192223188989101
0.5716070712126059
-0.6340225337491874
-0.6595787708938159
-0.7452754647922455
0.18160338942315024
-0.8652352663946199
0.3357584313602869
-0.38173250487317556
1.1451116167163962
-1.019476261771303
-0.3576442507510857
0.13968011721171175
0.2540934289252027
-0.06163791462090091
-1.3846860624056678
0.3095331511536942
-0.8090572006920826
-0.37556844053996175
1.2266711133509411
-0.5894185420849265
0.17466237040022614
-0.15873373487819215
1.3099518997372277
0.182608899673603
0.7319333013674144
-0.12904415413567794
0.4033051666995696
0.2026921449894954
-1.0278135035633453
0.4388612595509752
0.9128898009007732
-0.9915860026282503
-0.47526998592825165
-0.15016226109173605
-0.8330411249913282
-0.5720360413925439
0.2285509054309261
0.03451568705669095
0.46609272550138453
-0.550165601370195
0.22048631443853473
0.10544377451583822
-0.5284937607992557
0.09763698379544153
0.5102566156097853
0.916061055716475
0.5842434681789328
1.0282785897635456
-0.7718140902872935
-0.10630372546089079
0.8599113765059294
0.6278266960410852
-0.6057630409501102
0.7785053400608232
0.6504944040423813
-1.2089053778902235
-0.2966196814418713
0.44728418386354807
0.48914918612354813
-0.9760861619961285
0.5631466692719543
0.14341308556434323
0.3990890582637395
0.7092935345307929
-0.06648211350636563
-1.0516408539205544
-0.6165211778844921
-1.027287671227104
0.772254373226044
0.4487628676608016
0.4195148302526429
1.1941459882722487
-1.0212514067173337
0.04241496951329595
-0.38827145591106443
-0.8407333548583285
0.022583299850702676
-0.6319249681964538
-1.1927047928055414
-0.7984098529445991
0.8200008774828296
-0.3205561447094737
-1.1652430649385748
-0.21999467288343388
-0.3105812522294002
-0.1862527635180734
0.12341364154007237
0.6048066925334038
0.35591127975143233
0.78575061798867
-0.06802271001423135
