2 4234
-0.654903596288979
-0.0925830936656457
1.1916857152381097
0.7277602526026812
0.5055375679576987
0.06812472959337296
1.3869208152390087
0.2797567040193998
1.323616167797589
-0.23785813050036536
0.5200386107801598
0.09711498987774395
-0.37958547744514604
1.635446301143502
-0.3940150428964957
-1.169680675739299
1.1212171599297305
0.2993593676052695
1.7154746313378724
-0.008380938293505946
0.5496559089847732
-1.5440710440368188
-0.19508887399670188
-0.06865310499319849
0.07751443389103246
-0.8779499485848621
0.464687106334842
-1.1661842827482278
-0.2432277460038261
0.925030801554784
0.8168613483496303
0.204999351187209
-0.23466942805286004
-1.4145938164471623
0.2884942154948321
1.2069612185787686
-1.4981941607787994
0.06838865115278092
0.1075011347882297
-0.4441378207599499
-1.4028041849711264
-0.4654248111333733
-0.12660676035902438
-0.15022088241944986
1.1182582863234247
0.22274288395169642
-0.4670834688836507
-0.7642309929949269
0.9452577189314563
-0.08292389649332674
1.727677628717604
-0.8482608117940534
-0.692041086323911
-1.4846311779355696
0.2776377132051775
-1.1010329057728554
-1.4585287782049232
-0.2374210072883033
0.14508233136001353
-0.4695842834985167
-0.2577576314119162
0.03958010653167879
-0.04435235201247497
-0.1275798557340983
1.2150551972443238
0.6609113232721247
-0.018874822996375634
-0.7647284028843412
1.0549523552985989
0.7675507542033524
0.008547497619614652
0.36184773565598155
0.5398153789971676
1.4807962913920794
1.3884415972313648
0.4747475642894291
0.12101616382345998
1.6233851587966783
0.8534670197826637
0.7707777295306726
0.14372722070323585
1.466800613872659
0.06764571234331704
1.092621799805655
0.13663927709017085
0.2122334224160077
0.6100607348236526
-0.9544883097917937
-1.4061461267426731
-0.055171668607650076
-0.23753175311346642
0.3510110650777866
0.8639762729663092
0.6014383532812587
1.2110079927106845
0.04417557241407169
0.4583531877594428
-1.0060627225793115
1.0229268710411916
-0.9438279749372533
0.5423017814835753
0.627102906086897
0.34613574087859733
1.216264400889958
-0.1318798097622262
-0.7691250623491261
0.39550738893093995
0.2795467514507123
-0.5193436418903374
-1.328007268154801
0.5333519305411862
-0.9286628824897486
3.0971798516119837
0.1908301306197205
1.3529230288092728
-0.30625846393525535
-2.0666867314168322
1.4145060573568098
-1.3180806548293524
0.5936778158907594
0.2936942124402096
0.5825412220108926
0.41652071937218804
1.4788363159378015
0.20372881572597284
0.2974980240916965
0.9758729713675929
0.8802093830174654
0.5161820381958142
1.8998571781314526
-0.27787772934741617
0.06207454777686103
0.19177396064851462
0.9351145172123541
0.5545852329333251
0.7754953935581096
0.6871222479956356
0.8239673791697515
-1.1744499589252277
-0.4227735347453891
0.019475773443506372
0.9875713123795146
-0.19508333585077714
-1.6073512559626877
2.409906115135195
-0.8151033518403666
-0.029017212734143816
0.66131085916237
-0.8191601010026569
0.3981413820191921
-0.007559694995044108
0.6220512900682941
0.4938404950342939
1.1163539318471698
-0.31829919874238677
0.0193965059415237
-0.038057684846345426
