15 1089
-0.4307085493283161
-1.0223995592702184
-0.03823879843519895
-1.312382418738606
0.05175168487683891
0.06486957460517753
-0.16368499193198913
1.4019587161929024
0.45063366148357764
1.016959075717124
0.8091459260081891
0.7790489035991579
-1.4356433236494683
1.230478223758681
-0.4798612005027502
0.34566641780949947
-0.33254208769732346
-1.2198921519885924
-0.5019003591492679
-0.0563210978849933
-0.42812597952176057
0.4122657691723405
0.39182460641563344
-1.4494075919888858
0.4903470542892814
1.227922606924263
-1.1645704988198842
-0.496143033636254
-1.168235426849337
-1.039717278723176
-0.041952690293158526
0.6754933704261811
-0.5513365425113027
0.5010738144503822
0.2835241663202638
0.007066066858339937
0.9243706633897201
0.8571419263195106
-0.0792381489276135
0.6474783136675663
-0.22688894530415385
-0.8002029968966723
-0.270955441529508
0.8516463841629215
0.07740938604161562
0.4158765146178175
-0.31754820902164665
0.29224458025409117
-0.600272148568058
0.8304791164286673
-0.007537182110924565
1.013907977044359
-0.31710116169946734
0.42528135302237513
0.43667193888796485
-0.4488970999767261
-1.0551537103438164
-1.134925805674859
0.2383140958230151
0.6488460461227663
0.5838817626777929
0.6324527208140055
0.0390370612888096
1.0821666810840587
-0.9709695378770793
-0.5224502948902608
-0.47055069230250557
-0.718476590972311
-0.3500248576386573
0.8468696224854165
-0.0546091991238207
0.6993288303649168
0.07301568193207664
-0.308177991139194
-0.8342714715258663
0.17020773654416932
0.570202907744059
-0.16132134196619244
0.10843963467566725
-0.712919608928152
-0.4372192669720121
0.480767258144157
-0.37413666712195487
-0.8000713023445774
-1.2810448803418129
0.9569556851767482
0.49806770703933584
-0.1099040108631972
0.5010166199937951
0.723290397869933
0.7314719795593494
1.3924741759981125
-0.36325495342151576
-0.029097334692126553
-0.3513152410262739
0.43622701781759143
-0.860772373066998
0.26076020022957397
-0.789374477192626
0.5874584260661848
0.5783099965711405
-0.32076106012385175
-0.4455973329118152
0.02986337462919464
0.31611320530325
0.391802490162963
-0.49093195939053347
1.5923411664968414
-0.2855039825529597
0.08813865753489111
-0.4750960051161872
1.009969730518354
-0.5677665988995603
-0.48286687741790013
-1.0497693082373487
0.24618651413897424
-0.4595442547063505
-0.27920664479112
0.23633590281721178
0.012017904728005
-1.0912063998835593
-0.2630374780499314
-1.0154330997074401
-0.2744985499309892
-0.42836225103644465
0.7545866094765777
-0.09113557591629715
0.5445639320289999
0.04841071221789267
0.9759576977686365
-0.3849788217542803
-0.7013326966404245
0.859260308023627
0.48900088099414696
-1.0047876239979558
-0.503069843210171
-0.11369964540122915
1.092300531323904
0.45411449894436245
-0.9703332543364251
0.6711321619271778
0.19035160469035978
0.6897301482554526
0.7913139596999075
1.5746440026805004
0.5102030306967282
0.18128459768087204
-0.35959854628452653
1.0119201891874674
-0.1635700460414019
0.0270387785808356
0.04722122653625194
0.6687637614192257
0.9263995632515807
-0.12226380252783575
0.42605893454477206
0.09510210507866801
