10 1612
-0.35361930285774557
-0.7126198042218618
-0.9900866133514185
-1.3098729825962163
-0.6834168690157246
0.3643384929917872
-0.18417766687489368
1.2503691746522123
0.013194624793003845
0.7702777362361599
0.3488057999391579
1.192015351548752
-1.053206678008538
1.0309517426407633
-0.44412287563765923
0.05460160626991416
-0.13779322282189385
-1.208920354630141
-0.32621918182768717
-0.7604496001563287
0.5102311838415419
0.6590637004234414
-0.32595736247244994
0.19935687351552261
-0.6505362341211813
0.23003396955465133
0.5410313107514148
-0.6744847771522194
1.3644064129884903
0.5708397925871926
0.36962175890298166
-0.03627623689155379
-0.7242533746100354
-0.30559681691031304
1.0302489393115148
-0.3887987127978582
0.27914839815372317
0.1797412824356081
0.30852019690452703
1.1639299815550987
-0.9712491705179441
0.5749237687175834
0.4391031270717449
-0.34295821379907393
0.22787873243884335
0.31848822605831006
-0.3915797559151793
0.9265633730424826
-0.49762060076223347
0.722446121313906
0.1477604445509297
1.161904385778294
-0.6110164109484197
0.45417698559722586
-0.20456832555880813
0.6897008185369617
0.20097858992593737
0.9790171032322237
-0.4087766351957205
0.5558366690707068
0.6033902119270841
-0.7427381349122482
-0.5195027151485379
-1.219511614823134
-0.47061483633206846
-0.32937507736201854
0.1815328247002205
0.49804902585162364
1.0255997020491905
0.7152866338851118
-0.3526625466630373
-1.1428810259088074
-1.139042162216969
-0.3367291516142577
-0.4428163410409641
0.059174931121078495
0.016165946888180016
1.0029933115654381
-0.0612484590020723
-0.10094545741498046
0.3607306824679044
-0.8081420048204575
-0.34427070765052725
0.8210547111251092
0.8049538576142348
-0.9718392181592642
-1.1347983401844992
-0.699159264293958
-0.06295612492824801
0.6636767243158218
0.9997245899069804
0.2511730597257908
-0.4246765251817781
-0.42648279434639386
0.0020993681666141295
-0.9726440760592452
0.6604246679152594
-1.43212193400446
0.2533943035804245
0.26024138973098954
-1.0478899540639453
0.2960685413961997
-0.8038362114303403
-1.5656143326970855
0.4892919503019201
-1.053291931708665
0.4539625546068337
0.1934245641645061
-0.15276554031915912
-1.1598773997237006
0.7762843486002349
-0.3470426860380442
-0.7103317854967427
-0.4238691464676047
-0.2826639157261808
0.7668326206764924
0.5110536358671819
-1.1821020300791967
-0.9629815091270586
0.7527841019378398
-0.5778638605878745
0.11859413095022728
0.4134805921443585
-0.19591197400115457
0.5361766083882448
0.35959163080805645
0.061094949519506336
0.5913127591804537
0.9292977793998672
0.9162333164580999
-0.2752918897927351
-0.934279354932523
0.9515471660808429
-0.2282430059368018
0.5464883187777188
0.9915987351550768
-0.2602670427690552
-0.12650856482375644
-0.887291537144816
-1.2536146758941382
0.10850010298610213
-0.36337817146664353
-1.1103760668358438
0.2950787462226207
-0.1233736573687338
0.04912359013720202
-0.15128536149994587
-0.3230996843735182
0.48797759117172
0.1768165144654268
-0.17350851678898074
0.54456323415451
-0.17886137102576666
0.721831875230412
0.07927586997198705
-0.32902794445928096
-0.14422197556021832
