28 2493
-0.38718964138559825
0.5371008229384824
-0.0019105379574157477
-0.28044543700712066
-1.1695024382150632
-0.9534767830984981
0.9589947371338252
-1.147048153842247
0.11531923909220423
-1.202650778841076
-0.7380197660882208
0.33767315960632055
-0.7899458982214378
1.1345975032431432
-0.3117948371158779
0.44811442627551945
-0.07281329119612057
-0.8078320659055495
0.5720034577528651
-0.9527340185045707
0.7993550112646859
0.28476466394731
-1.1297602602608348
0.3170131030395995
0.49993343996576367
-0.021413421494381468
-1.1360094135422543
0.13419546665976922
-0.4243044787977225
-1.1533810078034086
-0.9304835752530766
-0.5573394229773809
0.8368150086264137
-0.7409646550588461
-0.21257553715515887
-0.24998319621653753
0.27224461814190537
1.154022557531362
-0.5093320447142723
-0.7450810651279139
-0.5339031684146586
-0.9103388408816273
0.7536463018510766
0.46577023655012667
0.5491411668185441
-1.0371136989168264
-0.7079604388323004
0.9975524505486315
-0.2612198901437204
-0.32935499378418487
0.21348383323956158
-0.8523726009528664
-0.06408459981906584
-0.819432361279409
0.4764482532110993
0.26157314068053455
0.8544788857491309
-1.0983194434041492
0.4377654028967813
1.2334829248866526
-0.05211558370227322
-0.028097914154806225
0.26606686400744506
0.3866840782465413
1.0651274620050695
-1.515968832681672
-1.1017766506681306
-0.9680038941315905
0.20284329582753008
-0.23573735259600048
-0.5648955027699223
0.36855350452366553
-0.5345568039906488
-0.7100412423183606
0.480498240951481
-0.9800517868405707
-0.08572861188707415
-0.1973061715219308
-0.4015175019067534
0.12335594535328706
-0.25003312180018805
0.2721386983965583
0.6177154921010274
-0.4884759434403345
-0.6466298057211153
0.6034475247334125
0.6936625136385818
-0.48010665867188185
0.6765129456831043
0.07728934778356644
0.09531848849873825
-0.8162511729267964
1.1563667950969145
-0.8444190136267884
0.6959760084681834
0.5681256511285744
-0.09278626867923057
-0.584682858483572
0.02818391309765378
0.9875325194497268
-0.732278414816517
-0.698989413495795
-0.8586712801802454
-0.9040239843418263
-0.4828551017403977
0.003861519361615273
-0.9990311455864959
0.6012430207268346
0.41157720249155366
-0.12394885019247753
-0.32323920016795726
-0.14093011406666628
-0.7551389778827101
-0.39524472765594076
0.7299334341081758
-0.57843354626843
0.6271677881090136
0.7879932777415295
1.0732058540454763
0.4053142023640845
0.9992427255487497
0.2808227907701633
-0.700638226621344
-0.3965613848612025
0.6187830293905989
0.4511213163894903
-1.5703003746850435
-0.7712336574656613
0.9335872944873264
-0.0020118557510673263
-0.3306786996441174
1.1120260439637015
1.0870933207895586
0.007121222946531774
1.076904537770856
0.36638274364961604
0.2058322643309988
-0.2197648309093563
0.9497518385844324
-1.2816579456706536
-0.3622739483403651
0.1962833225615078
0.6519084772131036
-0.5255814395564877
-0.015975121631429
-0.5666794309348326
-0.5138638502856273
0.5448424143874129
-0.304305866914835
-0.4175937507573431
-0.7385036228176611
-1.0497634700073375
-0.9811556324236549
1.0884853885727956
-0.38587438347851577
-1.635431189895768
0.03293905007869291
