Type2-7 389
2.0668041197570095
-3.3297629352620173
-0.43703464787141066
0.31369081666209864
0.6041658141934909
1.464140815199369
1.7499421748279547
0.3231863146805428
-0.29076995170858844
2.6722058876803283
-2.284996293429994
-2.690361584868316
0.6964590350844639
2.771873548625669
0.41588230936263
-2.0647918780556744
1.061342537556072
0.21512843531062284
-1.6210953885406691
1.108491666942304
-0.6780579374210903
-0.4771533525025206
-1.1319338584925005
-1.180513357067391
0.12381747405593813
0.6699284401381537
-0.5944557268714769
1.9321471873450282
-0.26194595630082906
-0.13441044370210975
-1.4807282130745196
1.2985462538669235
0.2034744988102206
0.009808629514246214
1.5539527707987344
1.4784225571857204
2.130495892971727
1.2628830374620725
-1.112083931077411
-1.065468126982505
-1.6313038890436893
-1.1590914021056005
-1.778238588512572
1.9770894731728206
0.1181505094753436
-0.08910739404195755
-1.2348976638851863
0.9592533930409353
1.6013669243399782
2.343116847732834
-0.11360510801208511
1.5294609752049142
-1.9127053247264145
-1.473751635670693
1.4563538455012703
-0.11519717766106616
0.12575913841186648
1.9610060580036448
0.10913942839846312
0.763459109974371
-0.08572409878129836
-0.1793691033884224
1.2215947163217158
0.8286367876301536
0.32472478976297875
2.2341582839708165
2.918203164652536
-0.5958475880798421
-1.6854609181527316
0.29617501640269217
-0.3368660882421903
-0.1826848745807783
-0.15671761520397254
1.697169750111915
-0.29308271059383695
2.279870333980251
-1.0446733833331694
0.9278009577508465
0.1409284337189073
1.3407534120142512
-2.2377754309536115
-0.01461890123962617
-2.6701558954355566
-0.25860506540096884
1.450501963206284
0.03694997200395918
-1.537113363477551
-0.2635361962025282
1.1195340133135963
2.8807779142293772
0.1495419191062094
-1.113817882859282
-1.1244212587177174
-0.24942732715311286
-0.7948230733630284
-1.0788769873796737
-1.173160405323099
0.24404189369412904
2.212820906465949
0.8149911294634726
1.5899874396137113
0.18662017552382942
2.2155834863656567
-2.2840276645484074
0.7409336464062659
0.4979504934463387
0.3596665721094789
-0.2120160249264872
1.1987553435932077
1.9112239888112872
-0.24032949544283355
1.4815201539485652
-0.11109654756417764
0.8131136183696277
0.8925041439330513
-0.33351964754424246
1.6762819900327555
-1.1059135617494782
-3.538309141307363
1.093267636007703
-0.016727864002648224
-0.5634104099710854
-1.7022437374074446
-0.08244417063171701
1.0104456546978233
2.326657357567557
-0.31069364740583644
-1.829816900224174
2.745378555737551
-0.9322494159884254
-3.67042555625406
0.44778556120886615
0.6317765297931615
-0.13958539747021262
0.8956112682029873
-0.5965469528816857
0.5559591451422915
1.3325934981911458
2.365249864760476
1.3850295653050149
1.5454745960871163
-1.5660215945278013
1.650716805110012
1.1563111997904665
-1.7125980773500025
-1.0560226408752542
2.52812871430618
0.09677224949268623
-2.833706634761223
-1.9602257316630303
1.6347430800866058
-0.6885929051482677
-0.3688928359090065
-0.9028993471380085
0.21352164126238565
0.2586203711810279
-2.0371025360566906
-1.4549152303660096
-2.0191143962600346
-0.8348790495877851
2.6678865742601667
1.3998845714300039
0.9068328120915039
-2.2292810614331793
-0.0813526704112515
-0.7048779266506384
1.7029112897985792
-1.7058855692629253
-1.1307876247229274
0.38689235662021004
-0.8912679490397645
0.1799968705010872
0.1512169267613062
0.7537817812766155
0.4611616140079643
0.686580019210112
0.5355958272840945
0.876576449632877
0.4187825894939131
0.2458659985287156
-0.7960641928080313
0.05630466674991849
0.2840147152720375
-0.3563762382156537
0.9649510075137537
0.15127349115235453
0.8403149734843565
0.4277125049080554
-0.08880678855824845
0.3438597917260964
-0.37018932445474684
-0.8822804496852011
-1.048358768599137
-0.04508302134048098
0.08229655710030807
-0.7919348778502688
-0.21283302763720643
-0.6780109303682433
0.850882339516183
0.20915135007585064
0.9438445358296867
-0.340841489434921
-0.7254922302523128
-0.25826444095665896
0.8456364625326799
-1.0716824972620562
-0.6528162289882777
0.27905501991258164
-0.6719133558250661
-0.31332850393541173
0.9962235364172396
-1.1132499271268832
-0.9771907789962063
-0.9668867725617971
0.32452609219846446
-0.27351479696177794
0.10123503124161398
1.331228570779755
0.527673413128296
-0.6759443454897118
-0.8522477700102257
-0.8027118952681624
0.39223597098925844
-1.2374971439340827
1.060383835677512
-0.6604893937234737
0.8468990484441494
-0.26503736827382707
0.22969704058663898
0.5242235282235291
0.329537272525517
0.7565006014728666
0.6828445126154198
-0.22364024079177122
0.9322036335188404
-0.9873289893095627
-0.8778870321705541
-0.12187234975209071
0.24202439944263576
-0.21786243291614688
-0.21882899493050337
0.1949428803277797
-0.5846781176306624
0.4475410936831648
0.7747109011010461
-0.3134631621654682
-0.6558144331774767
-0.35858219905470723
0.7177331020958839
-0.6148425539983136
0.09827445447885096
0.4072651176906694
-0.3794222488849903
-0.2274550704913024
0.32474645580384776
1.4260618993277367
-0.08955318593916259
-0.20242442915341186
0.7392064496006927
-1.1244459025773588
0.8747738620625309
-1.0730843950577558
-1.32005924058567
-0.7820805851325016
-0.5049288143257421
-0.2575971543592983
0.2583848440031937
1.4678429276650369
-0.22923297819877975
-1.01814723123766
0.6310605398847753
-0.8569430069914415
-0.3971563739728686
-0.7095001363479168
-0.2519449401657243
-0.06348764957249164
0.1787697218480314
1.061306384578869
0.10827241446892698
-0.8529122640687468
0.9049482046385462
-0.3875796360235673
0.41170060356840077
0.6835290335308457
-0.333541434299846
-1.4747250320270961
0.9104695739832724
0.10933895833489399
0.05920713192953101
0.23091337852885774
0.4926489861233895
-0.9808156722329542
1.200026500725278
-0.2057675228930547
-0.0905811816431458
-0.7449712793496296
-0.4493816320065108
-0.5153337579839823
0.9638645037170093
0.5080134599512985
-0.538102440323187
0.2876566513419319
0.5482308287653808
-0.9949536978741047
-0.2531918246574419
-1.6786680728645946
-0.19930131129863332
1.6816347849668272
0.5430217931440788
-0.5474433193031895
0.15428100717941132
1.9131433046348258
-0.41331256805566946
0.6693725951183815
0.9383539123777876
-0.8865380575104449
-1.3375663920120284
-0.9968635423477734
2.4286505597676946
-0.9176785503469908
0.16961238946125134
-0.6303800198007714
0.5390065348299035
0.8692963764667616
-0.567897710717165
0.7917183748254677
-2.2352544027159924
0.6157218089019294
1.7324634125724627
-0.46920808560286703
0.3212128088676417
-1.2298316105103084
-0.9266045732310604
0.15976428119620084
0.6817226116889614
-0.380769642155693
0.043455835132157866
-0.17203338172446048
0.9297590888130381
0.2802945740039511
-0.7636190933776086
-0.30994738861934906
-0.6992214492872316
1.1069921314712812
0.4397676427465651
-0.8645847253855716
0.12269630550207501
0.3225722515680578
-0.6045274922665418
1.026508374820707
-0.6801497169392781
-1.9033723504780071
-0.12412590635511328
0.268177524617614
0.5239406295173484
1.1572149651688566
2.107439470079102
2.5320006167978604
1.6372632410399226
1.5718686028123563
-2.0074438033855326
-0.07304560605205818
0.6816837942188669
-1.2421508126622678
1.9198039177506212
-2.1970781096577876
-0.02752469836650745
2.4754333362915513
-0.8141660013307479
1.1855226738462588
-2.021600145994865
-0.0677578545419538
2.8978649024811767
2.4341277376920045
3.2201866333439937
0.6573862659324795
1.043268948420134
5.072793218845437
-2.091704846800524
-1.8474588374219274
0.13007165720927216
-1.4739965776985913
0.2883150817283676
2.052570575674537
-0.7880671112217617
0.37707955441540836
-1.8114886974606494
-0.4998015970801014
1.0822194528999016
0.8747378508014322
-0.965154747540794
-0.20416816511722127
0.0545859534716448
0.06280049212753183
0.5634367839120022
0.3232527239807431
0.6441228434115532
-0.37249019065008093
1.73878028397598
-0.07071403905303883
-1.2691317599599747
-2.024539792296383
-0.02169206756729164
-2.4551868597911812
1.4229867036224555
1.0996563415296676
1.5431413126230449
0.8741533838743653
-2.465122568635592
-2.6463905159016003
-3.1603534984779245
-0.32950754214397504
0.4229691903600487
0.5003706249327748
-0.1995604286596217
1.975049312839827
-1.281459963976419
-0.5150749603764965
0.811657154595279
-2.054242471872869
-0.7297976009441657
1.595681652579171
1.5503538880919006
-1.5635818178855643
0.6467407701151908
-1.1413021818441866
-0.8620131876071594
-0.49900211013083984
1.7023926395360773
-1.4748063911981513
-1.3835916964877057
0.5538062631310187
-0.8048808149373199
1.3047895241632297
-1.2473624031996675
-0.6327268380768234
-0.07198751892344084
1.456151427657527
0.534164014910881
1.3830794757262361
0.9419564963326084
1.4239862801547214
-2.5068761526577545
3.3813509487308937
-0.0803306981048424
-1.0783295154876706
-0.6526438352970546
0.4806692969415377
-0.3933408877757656
1.9630947938403507
-1.790483810641519
-0.1397404712703937
-0.6960166100154561
1.8556965504147798
-1.9756442987972331
0.8291688316298437
-0.24386730124000383
0.543213877169098
-0.3755938249535211
-1.3489112662664087
0.3423373191184753
0.22225093498583331
-0.7586886573467527
-2.5085552881635866
0.3503983014753721
0.8698288653050001
-0.48850397701433756
0.06392715890171896
-1.765940884713272
2.155972585643281
-1.3514209333379072
-0.3550158679768298
-1.6697234767139195
0.05557498831814678
-0.6797755405305976
-1.6194599087645483
1.099032870718764
-0.37810778188168376
2.0620359933954555
0.7236537336071442
0.9550197949790374
-1.465576216213404
-1.0458420836212639
0.7745097678695084
-1.9440191881886348
0.5610605320916329
1.9785661104323282
0.8927602072116481
-2.3621218286406647
-0.8709638368505521
-0.9805361725637646
-0.7739176257757743
0.6234720714413607
0.30301917500986597
0.7503282560886015
-0.6100631234043409
0.8694711584363077
-0.760728232586735
-0.3878833313503352
0.4012008169587337
0.18023341636572443
0.522509674884135
-1.1729225532937686
0.3830839261328497
0.1653585596194571
-0.472130124144173
0.060444652102411456
-0.3071128180364349
-0.48983634419922634
-0.48515956954756273
-0.20815567530083895
0.9895724150378113
-0.8787438488921354
-0.9558988902031851
-0.25981552871398716
-0.853889814743122
0.9188800607275746
-0.6607195217189501
0.3047954726979824
-1.058758695728842
0.23586393552754428
0.3984786120218861
-0.16530968375229405
1.0693331868611105
0.8905000165092217
-0.01914048779085728
0.012352668956281412
-0.4185517438910238
0.9840601128480191
0.1673128077781717
-0.6179300267275092
-0.36795216710995143
-0.09585149912502361
-0.945476578296758
0.2444048791768355
0.051726036535479164
-1.0563502052274276
-0.12964455766825847
-0.48801827332963477
0.7329762913467774
0.20488940251061388
0.25114910672927565
-0.2588834879808928
-0.1301070533451693
-1.7136543840021858
0.5492195119362291
-1.6966405971998009
0.7564111017379855
0.5034598603541109
-0.9580016517214007
0.7151014148553794
-0.5589718417796264
-0.6886347587982153
-0.851776263505758
0.5885276635830812
-0.4503200390858997
-0.09564274519395816
1.380654801466638
0.8952543939320183
0.29884172945295817
1.674230403652082
0.8217366498528732
1.1691234952854614
0.38250212231926783
-0.3210174490531501
-0.6386641699292535
0.5367349904571639
0.12361810434085141
0.43120417451935483
0.07973812310679501
0.40347135164782416
-0.9883063493970221
-0.4054032950861294
0.1135894909649706
-0.21561324368987425
0.7547475792528678
0.4201545001547235
-0.17439942504349576
-1.3384168975008253
-0.7875647921282984
-0.544350453857362
0.8498654718504328
-0.7156182080693333
1.3244671881193302
-1.115059472218449
-0.8831310393970533
-0.643729697878041
0.6350927709233776
0.8879913719581554
-0.3158138581574037
0.7185436765669919
-1.4806523622504688
0.4076843858033965
-0.5064626287076055
1.434336249646998
0.06890281997044023
-0.8999257931552523
0.4815429461028061
0.39594182404975997
-0.5721708595544738
-0.8969733928751615
0.5615570779650039
-0.29717587337387563
-0.5753285420297574
0.24682358510448316
0.5772837938722372
-0.5262180380996886
0.2804351332531727
0.4005845036182119
0.3409650004418403
0.5612468152320115
0.6105797460902538
-0.0805068198764711
-0.06611160574599857
0.299908428309425
0.1769355054807632
0.7526849529039258
-0.36079894473005064
-0.02761112760366464
0.3222149251532423
0.06587950163430795
0.1825621675515499
-0.20385218767723084
0.07802792449976367
-0.22342403660577087
