Type2-7 1366
-0.47105659797141985
0.7315612509981702
-1.3888908562938274
-0.773603015618725
1.6776422491482241
-1.0132503354502933
1.1921661901490785
-0.32148929337183146
-0.6926489854561043
-0.3831438711434537
0.478779172473912
-0.7627502304590035
0.03688245812703561
-0.6293636950070517
-0.3270222675322497
0.2277024764323905
1.1685356568383582
-0.601195263693453
-1.3074746054831718
0.017957428951009213
-0.5908079965033923
-0.2160195426915179
-0.9326180549102794
0.35486140542236366
0.47609983921875815
-1.01632753155739
-0.29097371441188974
-0.5994368264407754
-0.2907093838149678
1.4853828334201828
-1.6050982007254257
0.5766939169865137
-0.5239577153866618
-0.10485011161849186
1.1029003579256729
-0.10879700744395135
0.24289529359148637
0.8595520136593835
0.8193737542710531
0.18853211584629642
0.15933662326714476
-0.2789882830544012
-0.7040264248603394
0.9684287874798105
0.1525907525497176
1.4475294781967922
-0.5447365532323608
1.1016989777940402
0.8250937212426743
0.8100147629487585
-0.03201382693840896
0.8952134039626608
0.03383615509526655
0.18658824439839344
-1.6949189095011161
0.7274549281937096
0.49509830828558843
0.22970857455980692
-0.32046939297610894
0.4378943198962314
-0.0584646753317799
0.14076948863493663
-0.19370234702806094
0.17837928307659012
1.0591192313687134
-0.2567297597833377
-1.4985554342366452
1.1283509801790998
0.46814425994358355
-0.36805715617315626
-1.0907672890356075
-0.4209279035008252
0.24732932599512092
0.2817760645631034
1.0088230799646964
-0.03339722427078741
1.15102651009658
-1.2657233976231723
0.047175909186418646
0.6105224566085066
0.21004146907122614
0.7859376465826909
0.6555141232902524
0.9174499210808987
-0.3953465907892114
0.3611156988158576
-1.3085587417767597
-0.3660830750406727
0.6602845725095012
0.7822639584485163
0.05233470622391556
-0.9451559701094664
0.059321024398509614
0.06350136125639762
-0.3216794341596251
-0.24243340858801
-1.0067614084513643
0.4763696731069646
-0.5329040428856233
-1.0317041922301022
-0.33814605364238715
0.5945782289429482
-0.019074157583964635
-0.10782304391798134
-0.04193547794747661
-1.063364982758073
-1.392986756325134
-0.812646885247194
-0.15421535684678547
-0.44219352254926514
-0.22056763663743523
0.47849928588291346
-0.33784127349015963
-0.7428790676832046
0.3595416390409959
-1.1686013173944823
1.0546979044087106
0.06534040899980582
0.1387186623037844
0.32949061429285986
-0.03210114553476947
-0.6737552588318126
0.37620901042687194
0.5836902532782703
-0.980721656274695
-0.579473175368145
-0.9196794595288247
-0.7356623286086008
0.15849272434193096
1.197538039739144
1.0583318646374225
-0.6964777375999704
0.3472200801478422
1.0675284450907703
-0.8003818515312533
-0.07695584842180583
-0.14987459888091906
0.02285873993649548
-0.35883335245074305
0.5385960709473894
-0.8018958619073666
-0.37536828679110157
0.8197608472102353
0.9158097729201673
-0.4113206475555017
-0.1235663131373525
0.4783329740481682
0.9644086979375192
-0.5494947837490747
0.1759808027136171
0.5627789625364823
1.3419896680574477
-0.21440233217196528
-0.5745394798058362
0.0683353062383209
-0.8525455249319989
-0.46477268356237755
-0.8363058945060897
0.543007069352629
0.8265849811822099
-0.8619718543943892
0.47300353993514627
0.06313243724539189
-0.2714904714272427
-0.42435457759643
0.22737070628056452
0.8562018141495688
0.4700327561533558
-0.8861127364935546
0.18605153751600434
0.10815293764157408
0.05483953345024452
-0.11289437987460152
0.5516170697061406
-0.7979909427916538
0.4386377458709129
0.28791866444627323
0.29988892413992496
0.04108261260930099
-1.0679351377608384
-1.441121317223054
0.42324637362781603
0.28076341076614525
0.09202902644117991
1.3454088202402332
0.894897151976879
0.26938677007503364
0.21100716532864572
-0.8292025587287313
0.24290471854319948
-0.620652673864351
-0.7112746276822586
-0.6230305534592845
1.05086266630288
0.2861825936108325
-1.0591679863345498
-1.1993812731522062
-1.0608050011450603
-0.7903409991165478
0.9368994360624714
0.9306597278728117
-1.7037610168187451
0.37087378492156886
-0.2286916066674815
0.4567112434424878
0.3751476259985603
0.352802424157851
0.1250103097124525
-0.364239401694023
0.1377767648060997
0.45134932642646497
0.038154365255254896
0.44150464827514885
0.3808460284815108
-0.03866105713857865
0.10707628771675207
-1.2873779092157311
-0.10885222375121106
-0.406613329956221
0.1371750005348919
-0.02547224870568257
0.1696243229823314
1.0279676257368546
-0.5114513733657091
-0.019867487515642816
0.31066879261919716
0.15517268296875336
0.5654934138076013
-0.2795561609747188
0.516081311820791
0.437940761202509
0.3443925210743458
0.9452531376383075
1.0875410036301698
1.4171662489649308
-0.32782231249269095
1.9360309449958404
-0.103834870872994
-0.4425741399778783
-0.7934515965253333
-0.5302689734040049
0.3178771203848456
0.8160696901976037
-1.4421313241473461
-1.2266264965512976
-1.5540324126265972
-0.9428961844404546
0.7176432828080526
1.2784683308666427
-0.12315063535966547
-0.17222044309430282
-0.4130426931492873
0.6515286567379355
-0.7721101565739472
-0.12734163073282184
-0.19742232231240814
-0.4422445263758739
0.7946085749750801
0.6637479271602648
0.889436560657049
0.01635350710692629
0.1803806891507993
-1.3423802330392354
0.09966695646636523
-1.2500692607597002
0.6255346502761765
-1.189134460737093
0.15625404047922495
-0.2583375885953685
1.6853581313995503
0.36648472558739886
-0.6264372428206102
0.6792437340982814
0.47406122792201355
1.0078950568957585
0.49967891516423485
-0.20603208128802353
0.14825706242804151
0.02598510204368748
-1.0229334165200596
-0.4356579360072388
-0.799410196117426
0.5139917048429756
0.844627442955305
-0.43712759794265627
0.027216194799602522
0.7027854568808624
-0.09659977658846625
-0.4686019515755576
-2.1105798443937287
-0.9951912976798736
0.5296995243546474
0.025482417413691116
0.04155042758432942
0.32073331581700093
1.2631008096926446
-0.11618685514997631
0.008453880851970436
-0.06003395029201955
1.2201007570706208
0.7050057650489636
1.077495158644159
0.6232632767045847
0.839422058651133
1.480167521943121
0.4335122919507622
0.40676841979321526
0.579666288505227
1.2376503746275156
-0.8619110037478218
1.1972459741213906
-0.28784537685518485
-0.9242646200600966
-0.3555975206502479
-0.48217848275049224
-1.1428719977927286
0.5093850218214412
-0.595543776079682
-0.47071089288079226
-1.120864155526511
-0.6299999299367054
-0.15489270585519851
0.811430075765905
0.8073423273005139
0.08656236873526846
0.42643485583135154
-0.022373146915022568
-1.2574773389694194
-0.3999984771720202
0.6209122815873219
0.2952604270865668
0.04650515609760142
1.0213443757785536
0.2259021067025446
1.116552373488226
-0.72095439033835
0.27118036245942667
1.16056222164555
-0.7870449278578412
-1.6028383379278655
0.7072283918033517
0.001615006746019526
0.7152859558670885
-0.5793938783217489
0.08571178200393278
-0.6533420363269152
-0.29197008463108726
0.642690532033388
-0.059114152704202894
0.01855275521979055
-0.9005184071339049
0.37191646746135154
0.2959082229531163
-0.09179930319386531
0.19640767630656886
-1.1819406624336783
-0.5350507685623916
-0.2848697104959795
0.0048903418658839334
0.00594891803683284
0.7708102982841758
-0.509450011216526
-1.0498933155189736
-0.1163724065474903
-0.46912391497639533
-0.17439947948081663
0.056574045623412506
-1.0731743871942356
-0.5835812826986618
-1.3707126677445611
-1.0683881091327305
0.0918050085029759
1.4910669529527791
-0.7659202356634969
0.521280507143411
1.4701212310456495
2.061029269923363
0.353527739655184
-0.14961548127499552
-1.6333901142661862
-0.6334686050373817
-0.24337376553524417
0.10404491158121298
0.79966803358952
-1.3144038963325564
1.0505805497653071
-0.39268668855976957
0.08357114777412536
-0.6725244395793666
0.8074819299061792
-1.6117985600095959
0.1276242562949362
1.3124756023813056
-1.2336283211673509
0.20775949117206352
0.9899594593957103
0.36672853490718776
0.10108821670539758
0.38323579551162085
0.3465373127799738
1.3904046036863986
0.045136928827235856
-0.2956277097200959
-0.5280355964930135
2.2403011031153115
1.6729735769063894
0.3709604140369537
-1.2512005329802884
-1.07571167726618
0.5430429235943479
-0.4447051224549683
0.2008622750132933
0.021888691942140978
1.113939093601434
0.19078992113386953
-0.0038465859076564635
0.4730060197372512
-0.00931193489615062
0.8188039296051929
-0.887545944591283
-1.0146990031803493
-0.8111485019133204
0.5797145914106863
-0.7707377957044665
-0.028625478606306057
0.829352662779079
0.5250049656258662
-1.4470131961946067
-0.06125384794401467
0.05548586558813687
0.8178974616443053
-1.399139404752123
0.2461784332583282
-0.7665045025736585
0.4588039988471864
-1.36957349302497
-2.0432839386660873
1.6235045315308376
-1.234418533476584
-1.3450277791805796
1.5255300709883015
0.7902088199575168
1.9335495007893635
-1.5450565058451213
-0.33507274715487767
-0.5254845726612631
0.7791075664421346
0.4966161639848677
1.3821725802292197
1.1153331833577824
-0.6565387625938266
-0.5502823169861243
-0.35679473414640767
-0.7437360730446153
0.3354663917766133
-0.07268007478999194
0.2320885586185974
-0.9907010436012316
-0.16659515249367118
0.542180291768057
-1.4496544234024655
-0.9868238082747465
-0.5391825690086524
0.6932273200184553
0.0359347590438349
0.7810946878332645
0.29612617813273157
-0.35257133217077863
-0.47787419515941376
0.42193372896104137
-0.313830655898898
0.8178050649812814
0.6841364790675503
-0.40684145296245044
-0.29800741253723595
0.09399669780432608
1.1685591124055303
-0.5146231062330536
-1.0724810611856326
-0.46515878009659195
-0.6792608398643459
-0.8688707234971248
-0.3571610783478263
-1.4509854700512619
-0.6390706286950175
-0.5829094964454319
-0.17008036113599323
0.003079208256339949
-1.0124336617163665
0.1486148121179539
-0.10348999140322017
0.4273316019756496
0.18273308179114137
-0.7492186695353595
0.4392054096088278
0.7471380018830971
-0.4311966818512476
0.034985083056925825
1.229572439142557
-1.17802022106023
0.19442806959262093
-0.42659157179642615
0.4458509232158947
0.03884294356352347
-0.1412841681383596
-1.0364613035573949
1.0980835034835221
1.2182923844872517
0.0154958749115921
0.77559105502029
-0.399183973985608
0.29493951212173203
-0.6235332085658218
0.698152609454701
-0.10203639403376916
0.0025511469576428754
-0.2988087474348124
-0.04230869780586849
-0.8051293514839901
-0.891895452736458
-0.2733170470649805
-0.35654551237637633
0.9235880258553606
1.0759901989787004
-0.2872631158474256
-0.6051867215820641
0.6871051271405708
-0.5332365658353468
0.8588363181752025
-0.2872530905298024
-0.4178767504689539
0.07296902556556004
1.300949855555696
0.5128958796417911
0.07679559836963068
-0.9633514010590009
0.89799937922592
-1.1392177217156307
-1.5072875682229419
0.5529812403965806
0.6222412637939501
-0.42612649864037044
0.2942731863849082
-0.2017070646273657
0.7692129450028491
-0.7464009826287971
0.6042202058950988
0.31953370779747736
-0.5092893628267606
-0.37915739876754917
-0.47639547448489955
-0.9724826520688723
-0.12285687022281871
-0.30638559123869236
-0.335226676729983
0.3394997284407415
-0.010505166136559685
-0.12458042854642859
-0.8089741026145969
0.07236183263342863
-1.1753400366217792
0.2530920735621236
-0.3926740988349681
0.7383464570788599
-0.2897508904740884
0.7009711548252485
0.4145815264424832
-0.965510965544115
0.5101065125304205
0.3245026853566739
-0.9211026554154522
-0.8814297746868303
0.47190168521178355
0.3425764173448051
0.5119310481509856
0.21390334860014631
1.1479370466425691
-0.24284853807362206
-0.013229390979050543
-0.9621701258995163
0.12081536073608908
0.5353354240820887
-0.43023456601838517
0.11184450666191237
-0.37625861250104764
-0.1378147629350367
-0.5331524264430927
-0.42427571073787296
-1.0289275650392706
0.3168636258675411
0.228312919730924
0.8248565162175967
0.28992868931085114
-0.9446363684571509
-1.1164601744819407
-0.10175798623433763
0.5075974557896212
1.1770278320458065
1.288086562609661
0.958797398804722
1.0399094898982324
0.3624696879700491
0.46068213642253614
-1.083109419320714
1.2157675845528262
-0.17618681653723606
-0.7370272892365217
0.1421943130295839
0.6601413995385428
-1.1582080505373458
-1.1625554876336444
0.7559360406891011
-0.12426154373378784
0.0032363760447238488
0.1292555823584997
-0.3691490291285866
-0.88555924562204
1.0692370588354172
0.25376898332018094
-0.2742264024713821
0.0015197700619275223
-0.10017864791657191
-0.8763658897637818
-1.013547434900144
-0.045766750687906144
