Type2-8 4357
1.0068300899355853
-1.9499331165471785
-0.03839834034740051
0.3789246074171677
-0.15196429345923537
0.7616925508564283
1.9594520411121896
-1.5509926976101565
0.4534278208660354
1.280496816374859
-2.439162373671171
-1.3682894865072386
2.174447135046673
3.0768964066965125
0.781706966350366
-0.6848606532180872
0.35600223360880157
-0.47630443825662244
-1.5671154540205408
1.0098801976606397
-2.0606573615009447
-0.44827993479464756
0.14283979630857913
-0.9755106660581382
0.6334241886448159
-1.0987474373890704
0.13759110380279732
0.6662752370776248
0.8033759186987939
1.7919063683586298
-1.0979476262795875
1.0908151061254698
1.3038956647316595
0.1884435112983862
1.3944177947851428
1.8428795819803523
-0.017904765600561867
1.0930202412048553
-1.4793828625517726
-0.5925421547702622
-0.19499987264222973
1.1099834511163988
-1.8541366108796922
2.0542478505368713
0.03643956088662503
0.9054549601746896
-0.9069828549495627
1.5654063157393374
-0.10524937049972469
1.780265358784144
-1.2542964647833035
0.29181297229198927
-0.28121746061608166
0.25308891312845955
1.18820380369826
0.9635843981617284
-0.3772614223257676
1.8536758493485828
-0.5307045377450635
0.8832995075401691
0.1319656161122716
0.05130701262123592
-0.1925604787990115
-0.43364038134327587
-0.7009261268106658
1.0852519414586237
1.187068393424954
-1.0513801387348771
-0.6632830234332576
0.9256313322898123
0.006166763478934578
-0.11444613928429477
-0.6853508408101878
1.4216497064612867
0.6578985139025613
0.2926599017936836
-0.9515680503803196
0.22754035185034563
0.7181234119856039
0.2300862420432014
-1.5863618762698883
-0.4939964092758287
-1.3480621813332765
0.2182146255456146
0.9782764239377826
1.0014003589274225
-1.2021250197580702
1.1373767393960694
0.438545321569329
0.9254932636858043
1.594208193985278
-1.5502299432341289
-0.7774505869667138
1.323657078399596
-0.5716255854465944
0.05312092145025877
-0.4250455697145242
-0.1448733153109495
2.418088248183398
-1.2430331209708347
0.4798118716262792
0.3828159006765414
1.4999284531048929
-2.7478105526634717
1.8299474053152962
0.6508649278166087
1.7939659097740497
-1.9986337487122123
-0.020098696115214393
0.07674699776285615
0.016061978896283358
0.421310735142127
-0.6329866740288113
-0.5484064681207887
0.4528404888365619
1.2653763006203838
0.8996034162013246
0.5710490798694028
-3.2664678447964977
1.7564675077319973
0.5020377270970134
0.9218629678029981
-2.1456143728703903
-1.4745731305960943
-1.054420092974711
2.3732194922776655
0.5746159536425517
-0.7249699466658535
0.9148567470992162
0.10419238979938361
-0.40748943346562916
-0.2244030860381955
0.5769737018718966
-1.3331960229288928
0.8193465253497678
0.9745626076257619
0.5086955243330638
-1.540978680080628
0.26821544297463507
-0.24713248543721728
-0.5035207363429585
-0.5232560427355726
1.0833636263752728
0.6659541898828808
0.8952654557757493
1.295869769119355
1.0817897200675575
-0.9664223133425351
-0.9635916203090865
-0.21297493396776584
0.17477871408279871
-0.12625021166029807
-0.2118451182133086
-0.0528526983858896
-1.105449488856598
1.0645285773407052
-0.670349143835667
-1.3897408014371968
-0.5308165484475714
-0.7431196412268204
1.640053869490593
0.6432129013584335
0.7845113547828031
-1.2196179802204719
1.3305884253319742
0.30867791902074837
0.49150721877164
-1.6308735876842286
-0.4677826984308302
0.28889602223429045
-0.3090875828864106
0.8901134479835926
0.31356527787046756
0.28501500888657183
0.03218803714144547
-0.12667783706774433
0.5561975738397128
-0.0971715836318551
-0.24209182041107277
0.20475942250254922
-0.04850944216504249
-0.1397130216000169
2.0679942408631216
-0.5141523352326351
0.9383984706799643
-2.5730206250378265
2.167503773502647
0.35130512102343947
2.1578848004644096
0.6071333853866884
-0.5975596385616344
-0.0890991002684112
-0.3419801412670301
-0.21679618767638964
-0.6988403837223907
-1.5120071016485845
-1.3081679361627878
-1.630836850601761
0.3179794696233351
1.5252610722228819
-0.7853461400849707
0.5946915305104258
-0.8675746770184758
0.7900528939108725
-0.5488546023127682
-0.05081141665254546
-0.24001519052216574
0.8038617859403834
-0.6608805554603363
0.07925512792714001
1.3510801202833016
1.3088879878680557
2.0058243981538952
0.7424774630511322
-1.457231226943047
-0.39744663729050334
-0.4304135596817682
0.9483654369817516
0.41681551394394667
-1.036519294469442
1.6860871135441506
1.3135349386778234
-1.2828427645990965
0.8604838121517493
-1.1746910052983426
0.6722068894088459
0.6610201087814028
1.3337579063647642
0.11899895302210473
-1.4132994077012553
-0.17579486516548046
0.7696274640011793
-0.39814786758612003
0.8759753715329917
0.2731671529110727
0.02188370197103995
-0.3426951861252251
-1.9441935992762445
0.6924174201492224
0.08624461038253496
-0.8301946619517063
0.35515018887410343
-1.3668020594527943
-1.4937879664385827
0.11269988071448907
1.210069237888514
1.2178781988016514
0.009762079678554803
-0.8489040973426152
-0.43063883679764337
1.3319592869082877
0.36399310112333244
-0.30893361887909426
-0.3816716304752702
1.349482462868763
0.24145304273561186
-1.4810957737800559
-0.23364477110729104
-0.8685180604834148
0.2640675664076558
-1.520782921964807
0.1424178710992252
1.849903788368289
0.9491085027779117
0.3241834059707349
-0.09200233454052185
0.24997146099098627
-0.23268357202154744
0.6081237530410719
1.1645164461656803
0.5321643397213391
-0.12994697584826584
-0.3305814044122637
-0.4882523351127187
1.5249274326729392
-0.5024956070149511
-0.3233276164699329
-0.7829641298919828
0.2510713588325713
0.29934187672807433
0.28210694364180433
-0.0013680424958812942
-0.9586828230402841
0.8882414380560979
0.7326700715150424
1.0156798307433712
1.1177439496971093
-1.0371529949968816
1.2408765966364008
-0.6552312377573445
0.4430506755331437
-0.7622707088276888
2.6184687376216105
1.1782098702734112
-0.20795663928428174
-1.4084852080958177
-0.6319618625326879
1.2897351792252962
-1.1571032840531956
0.713247653363407
-0.003943760654308598
0.48397918629742975
-1.3372634176203095
0.343574872099969
1.133153263146383
-0.7279569264285407
-0.2191152790615768
-0.05085211367900269
1.1614161208862983
-0.3015790632266056
-0.9271617104198394
-0.32964242875584326
-1.2569170163808217
1.5535472059385027
0.9978914283808058
0.3596486736407727
0.5081866735517176
2.394957383339637
-0.4161270131643911
-0.920917920500893
-0.6170046656165249
-1.7742248210101161
0.10646736614422167
-2.010416191904646
0.7166623440819305
0.37331677140814123
0.12870833592888076
-0.3697192546268998
-0.6562780998877898
0.7643655585638945
-0.21600763662940237
-0.8867003393332449
-1.0693648575938213
0.2247199929271968
0.6611554948071954
0.36762951666454213
1.230371300423859
-0.6087365300268612
0.6316981034474151
1.04814393218855
1.4063017552362116
1.6666346066715978
-0.20723023423880615
-2.0478739746826116
-0.9678133053669555
1.353024509337241
0.3021333490312372
0.4022600423620537
-0.29161125995913634
-0.4985917507046093
1.0412417337701432
0.13748578397933642
-0.64020324434089
-0.42194627726957035
2.9763751318045983E-4
-0.3998673395395043
1.3502203611096102
0.49206402891943724
1.129107520114173
2.4340829784141844
-1.020645285389802
-0.5239747248030774
-0.2354669223749121
0.03372432155548058
1.8602511277850264
-3.148291820026259
-0.5007069970685281
0.2876930676547852
-0.7641301816034319
1.2755917219058757
-0.7099527007003203
0.847620510075688
2.3508177766479346
2.4408437795720612
2.1267834145957503
1.379147694982181
1.0504196990803618
5.345510223450283
-0.6328540427105384
-0.7970607965149455
-0.9878140873522799
-0.15503562889001915
0.7034070598475459
1.0960621894900915
-0.030102480854854036
0.2244150731124231
0.34679927509608716
-0.5567143422278623
0.8059985219710304
-0.5691569702558387
-0.41247753838657025
-0.09716667721416067
-0.03687572892331452
0.7139389631260604
0.2524102021482848
1.3750402440948983
0.21296428694640424
-1.2490502357910027
1.7759711863182641
-0.007770076037686285
-1.1493623460661613
-1.6187958076092803
0.7268037430943035
-0.5550369512532676
0.2078762298569996
1.6150532701644238
0.3997607493774467
0.5035217475196598
-0.6613457712779016
-2.2862034310011943
-0.4540131685117911
0.860685851192293
0.07787870994919227
-0.4107724077648652
-1.2397378506167696
0.2393318014973734
-0.9584484790936778
-0.2487971030772615
0.7554689792055646
-1.6528162913164175
0.021612229881805153
0.943716378390851
1.336425469115475
-1.5992331758045446
2.112998069523511
-0.8851912416342763
0.05858360631181689
0.15705086486280112
1.7757656490589755
-1.9248078136247053
-1.6498687374595926
0.31789957979266903
-0.21303050093900502
0.44006417066366676
0.842206033964022
-0.8665807328699737
0.3546205489514609
1.1754213132291174
0.41226947318864743
1.429766087135023
1.9729571216546185
0.5370861906535133
-2.2074631653198726
1.973035124205933
-0.40269840279090446
-1.2957333560054343
0.7830812011915367
-0.7044001859173388
-0.5071258012842341
1.217481388722168
-0.3860058939412092
0.22975502084775415
0.504394561056255
2.6485747418881265
-2.2376179047658376
0.802004916417601
0.5808385590262274
-0.2914562768882909
0.026471557452095673
-0.5818935212432828
0.6815822053201206
0.6954733935097911
0.5746932373337156
-0.9860715235061193
0.18894472165242182
0.3750456381251207
-0.3818990241757293
0.5133374306831899
-1.7887084848879278
1.4525048852629594
-0.25837924428286047
-1.635240685587617
-1.500217877521493
1.114734140611946
0.49267669023402266
-1.4591706747206719
1.2633339698420376
-0.7452824639340989
2.6259756687912947
0.2665061662707946
0.9473817970138386
-0.3111896656402989
1.5019765781620347
0.8401790458496867
-1.9044489199985244
-0.2641039625744316
-0.46443722585776515
-1.200204984954598
0.2288116322522337
0.34389370274574693
-0.9993809746315312
1.353511490357557
1.9863132728077093
0.8705142058147332
0.9297307048539281
-2.1405966936004996
2.2524045447340524
-0.671869385515784
0.18247966216815115
-1.3160962817709343
0.0408861380546883
1.5138510724003538
-0.7308635391126265
0.0909808567485683
-0.40681183753017336
-1.4338772003728526
0.19512059029861112
-1.5021263413849848
-0.15581632416478552
0.0686634243118579
0.6246761036501999
-1.5266824740539655
0.2276309326567476
-1.7900317322295698
0.6151812203177119
1.6059230922743037
0.08727286859371142
0.4265730622547913
2.047828633508343
0.2651280143306718
2.271075980116448
-0.8517666249559522
0.22705609546432695
0.6169566095960558
0.4021793590075712
-0.6812376624841952
1.1870378172432403
-2.00905070333385
-0.304962047521942
0.8465945976635343
0.5209816840937674
-1.5992213206100938
1.1722999301547132
-0.3580813570638711
-0.27341587084765506
0.13795387011774343
-0.27510698377947934
-1.264689324339223
0.4223582818289595
-0.9369663851661618
1.3313711953633853
-0.13348833684209488
-1.414253413332996
-0.15229758706668517
-0.6414782790435347
-0.2749594312882515
-0.5231051536543838
-1.485460022420433
-0.4494332412098073
0.45598881298259863
0.576670328354527
1.3522089632458794
-1.4307580021174464
0.817379061610931
0.48248540568272297
0.41366163226344677
-0.16026150542206694
-0.7261923887418461
-1.0648043921432517
0.011853988055768455
-1.1987950262065847
-0.8402706584424178
1.1940327483121038
0.2899617730576734
-0.5515855132756557
-1.0218339793105131
-1.733548287827689
0.6529583602281164
0.36760537302397867
-0.0252554109836841
0.3289518173836462
0.7674308554351141
-1.1451842639384904
0.6844348052957662
-0.6235732109242483
-0.03403570207021149
-0.45195852915793594
-0.2741349075955848
-0.13862400658225504
-0.5869366391767085
0.18404100998538522
0.5523973896542698
0.26954482172615796
-1.1149094088858513
1.1535847937655834
-0.28322109621198577
-2.47897850434203
-0.04883735614077517
-0.2196328451805623
-0.4500091283417283
0.8955442222268238
0.5312838149013539
-0.2812385904632348
-0.5020085672694846
-0.5212690427106234
1.5004589200554794
0.29591927282469815
0.008567634168399299
-1.5531740376270575
-0.0860890749890593
1.6703522014370549
1.4710950271857128
-1.4069413929303025
-1.2398400052482774
-1.63644925560624
-1.42875829960626
0.6947132333860895
0.13872479501764734
-0.9275337158989773
-0.6952348216909976
-0.7731487086904336
0.7694954705352293
-0.2840088907090925
0.5914004769721422
-1.0080006363289624
-0.8984518694261147
-0.4485916904722036
0.6927612762539378
-0.1812574312158381
-0.7836648544511223
1.1422511579756356
-0.32600564746710253
-0.2095568324297077
-0.9572061092395182
-2.41837076923138
