10 3253
-1.556341766900045
0.13953718566451676
0.7032414927749728
0.2903392966021917
0.2726556834391443
0.04825593260497702
1.3768687677905658
0.9954567068179896
0.7628182804967278
-0.840687263245461
-0.37120649428026087
-0.08688016007911728
-1.0597939253424746
1.3585242553751484
-0.16017173089221737
-1.8348750340937596
0.7538391752507825
0.43186016171437047
1.7058540246295528
0.8201106446233761
0.12317791403560586
-1.142899272690952
-0.06505297421165879
0.8787074362957853
1.0174123121296648
-0.33658153960262904
-0.4398611753249227
-1.2021416934719187
-0.08564480390244436
0.2901190597961729
1.1413611995923503
0.7594062295737725
-0.9584023866814368
-1.114240359379017
-0.35134245007691434
0.8789821153270648
-1.7623241847631048
-0.1578975684994136
-0.3575346925580315
-0.7020986133376836
-1.745501848650976
-1.8355727463349907
-0.3747172917229785
-0.22494249596647709
-0.33293063572245224
-0.10029976897340862
-0.6802311034368538
-0.17461581666926873
-0.4802804918127487
0.7207044267211699
1.7737032383663507
-0.7068050642185433
-0.6853331588973351
-0.7983610376718573
-0.046330317016596734
-1.0263290667049585
-1.3133444635668219
-0.8376193485131743
0.520620431779439
-0.3523415137947588
0.6560558514515428
0.4183686441588841
-0.5823768284413781
-0.6377864651720633
1.413752264876323
-0.5511865425227281
0.4369048880699038
0.22332907658591836
-0.21423362262912818
0.4272784768978537
0.35770312280221583
0.06525637344453061
0.21894443358832713
0.5578095575323121
0.766354703188723
0.07755692419683362
-0.21312273335793672
0.5884859992533334
1.7924449709645243
0.9444918655811461
0.2304158096031521
0.8481031763687398
0.01975587460014707
0.2990805799470345
-0.19790662838394243
-0.3437521572256499
1.1437571432926632
-0.6092474939020555
0.2588794774137113
0.1562570438274491
-1.1456742619945242
1.0211464659766136
1.0754411259216539
-0.05916257233417094
0.07502525711753982
0.5945354010003288
-0.016697010235050047
-0.42251910929451125
0.9318668845101347
-1.4130235568658573
0.2281434385065173
0.44685040618698035
0.8059310196730132
0.4362007920912219
-0.16667514156141963
-0.7990770573290418
-0.29812623999476484
0.11831105538603909
-0.1419693998743813
-1.5523657628024246
-0.1642585720237485
-0.6575733642195568
2.3387811950152813
-0.33393268101682505
0.684875483516386
-0.20702948214103095
-1.9501019301039024
1.151087455548381
-1.1623166299509604
0.38562081447192326
-0.008511969214922421
-0.12133501284870893
1.0836727103768962
1.1790580066177687
0.41966958819379746
0.31052955889235867
1.0324984142043507
1.2330315010342185
-0.11638368111570335
1.7788150927960713
-0.08848630606358804
0.08661064057103779
-0.015037538589084576
0.8338077447044884
1.067226888255642
0.36818574566926565
0.18570465703647338
0.3831710399245821
-1.0447659063310004
0.05242741290343139
0.23208645521538468
0.6529873405611915
-0.5275065165680998
-1.2253222734221243
1.9138150468986233
-0.5535469257994905
-0.19389638019138417
0.2884003386659086
-1.5490060169867208
-0.2885591296669173
-0.9043936055084911
0.8003623501793352
0.8148821773234425
0.6978812378705564
-0.9020233227750061
-0.01492217227170678
0.42530104979636996
