maurice -1
-0.032951964653773425
0.7040255530169399
2.2357968507921826
-0.5178213980618007
-0.37420674962796663
0.6978743583744977
-0.8715988634736705
-0.44941996276248863
-2.7981699075499913
0.739045218607014
1.6583130862076478
0.5568153883130214
-0.22646627940193909
0.6305956303835157
-0.017414188610427705
-0.4746470252471857
0.7444169239374208
-0.16125512316865487
1.0590250896857516
-0.07950916364550867
1.4335770569140214
-0.8177735976004392
-0.12234146801131981
-0.10990666704916002
-1.7988314203921554
-1.4438963997819911
-1.5790469630630308
0.2967796590180887
0.29863353936234904
-0.9964304256417543
-0.34649169079247016
0.41440464675964134
1.3021517484138325
0.3167494156096
1.4605620737439164
-0.5126791139923016
0.5296844223590009
-0.4137197962987831
0.9726245774001968
0.7781111761483689
0.5420553984058814
1.000716010979386
-2.032763342077144
1.1519637587916667
1.335751846218984
-1.3538594723225086
1.6843000448130399
-0.6166204173175609
0.3345841075569921
-0.3585382250650329
-0.06720860686364433
1.143515934127672
0.7269099731570736
-2.5818479174753697
-0.32511613823212265
0.5044392836679313
-0.42266078693063447
0.777711631004889
0.5431724278906904
0.5073380164160771
-0.6402725803635667
-0.707548998726898
-1.9404650714378286
0.2410203095600523
-0.33668162102361376
-1.1120115942975324
-1.1664182326342718
0.2793708847942993
0.4946235668431636
-0.4463155796549338
-1.234396648945131
-1.3958434202078687
-0.39044854124277706
0.40280702060716156
-1.6693442259599476
-1.0171048642596945
-0.5672492807420169
1.2351758369932764
-0.45124987561537466
0.5399634357432004
-0.5696449605984478
1.517284889634014
-1.222596314833179
-1.3658719737666964
-0.3674505857796149
0.3936552556387768
-0.1436322535175742
-1.027036072843062
0.6803820759745697
-0.3775477540952062
1.105213224859619
-1.892232686011261
-0.06374074653583787
-0.6666682119993035
0.3701081018477126
1.2522115502050264
0.5633259298418022
-0.12440863122842782
0.7860648269733895
-1.076405537159458
-0.18459255224009494
-1.342489028450846
0.1689754357313536
1.5264937016274844
-1.2910975377729368
0.1291012805787567
-2.1175125405727524
-1.6132228814528706
-0.958838729228751
-0.12874556394236106
-1.568539452589523
1.5995278019019397
0.7458361899224359
0.9944364263952069
-0.3718138345884221
-0.3862602206211406
1.3402061847889657
0.97424253482502
-0.21659136164126683
0.8190903143309313
1.9486959301415412
-0.29258255010782114
1.853730512060667
-0.8279043069217477
-0.6999147338044567
0.4457827785732511
-1.3378440591337373
-0.7704798650397902
1.6402299474879782
1.0306693202054906
0.554140287686891
0.32536846109137324
-0.6315257053186862
0.20919494858593585
0.23969694575535125
-0.4134292794759417
-0.41491152383878444
-0.6431833540570702
-0.6990862028278887
-0.9375098318649511
0.07810207485253218
0.9073148862544265
3.129681692719652
-0.9944475869037601
0.14162907082957585
0.2719584336845835
-0.8097626575528897
1.3989792648458204
-2.443894466485439
-0.2678492737522634
0.0388990761490802
0.022254657914788256
-0.29480736699733495
0.2119252729088964
0.17347730386510124
-0.14625327451220888
