Type2-2 533
1.658515698814292
-3.4376852525218133
-0.674612134221624
0.18731577209579992
0.33878079414174855
1.5840824013236041
2.097929099142705
0.4756347339101145
-0.2243333348063628
2.093126360199584
-1.888317486841299
-2.912209186130753
1.373549606893828
3.2014332676260473
0.373993826871625
-1.8830315713166565
1.3078690112942397
0.19140963925608828
-1.8889299883569697
0.6072646478518593
-0.89502479623904
-0.11693360582843279
-1.0787452677377563
-1.49950109111187
0.04135052894993527
0.7301536029275445
-0.5871750659523461
2.5739119080446407
-0.4427550454441114
-0.24926366912352832
-2.0660147183099093
1.179726583593434
-0.21040656867913507
-0.4651781757832639
2.317078808046917
1.7013323915000949
1.856694667016351
1.8444133809546615
-0.928367158303558
-1.290466021274152
-1.8186066839275274
-1.1392744227534646
-1.5828215010681426
2.2777641660109076
0.09661845201996615
-0.34342840977166905
-0.5467888751994086
0.36247262192010377
1.8360694127013633
2.151066891350864
-0.7251292621057159
1.4250545961063916
-1.7569466323057503
-1.2563157540211982
1.0332785803293802
0.10496155409831608
-0.12477331561680866
2.2494088520600632
-0.10984814361226308
1.1830411622388977
-0.478205991151664
0.03605307681966189
1.4872651647388115
0.8582930664313029
0.943231965235189
2.150665305341617
2.4011638708745515
-0.38806957065355724
-1.9367209620380068
0.04144538846266885
-0.11186152176567418
0.1620858650553522
0.7531723332402351
1.4436653686928822
-0.29453535182465973
2.6200540186175103
-0.9892939665382459
0.44924964080184093
0.07880478019399997
1.3012493662566649
-1.3524160964017475
-0.3382202501723601
-2.5763140990258737
-0.7993104195119957
1.553339111206927
0.15020321566763045
-1.6881532681254479
-0.24700378608825574
1.0811714924451066
3.1308008730812698
0.43176946601062394
-1.0900753843190016
-0.8293883993927235
0.011485567698801935
-1.3613367151473883
-0.8248402459332049
-0.9768039465292012
0.5283319087249825
1.974816928609727
0.34806705379793823
1.8045368562280413
0.3943537108491374
2.1539647412636596
-2.529281883456452
0.8119616765189662
0.08020265160799317
0.38194961946757067
-0.15498507465031477
0.8986646266677603
1.7656644593855955
-0.08949241279712752
1.579281234911311
-0.33893085454775124
0.707526736099155
1.3820127984197945
-0.2845633360764289
1.3804366593444959
-0.7382856854225042
-3.8514492369386915
0.5383669831711515
-0.15553275210789078
-0.4855771129230595
-1.9224942406558665
-0.38424780885932086
1.0695574443311122
2.33223985936526
0.33978314043523716
-2.276327123756664
2.9793831293415596
-0.7074638428256574
-3.4683903562685328
0.40178640640588426
0.3165597779771251
-0.07344351624407874
1.0344022317962396
-0.7239231103694002
0.593154181594796
1.6142718613632854
2.3225937078595287
1.3911490894682408
1.4296250681180118
-1.9197352052474321
1.6587224808349124
1.0279224442514434
-2.0445211036414195
-1.2145770391593294
2.4728372078440257
0.5575413950099545
-2.635270639802887
-1.5524687075827535
1.8391500584396172
-0.6383774664542652
-0.3184461825615982
-0.7751569196301074
0.6189382045136651
0.5579354313323396
-1.6964700071802574
-1.171280341843248
-1.4107352083566613
-0.9293844883965888
1.573358907578389
1.868997266268187
0.5240923640777284
-2.427998417554686
0.4034483230519747
-0.8194044168779314
1.693107196928742
-1.896202309989506
-1.1180140342729987
-0.6987713181220558
-0.14552220994721127
0.3676836773121765
-1.5358189301311522
0.6445053024584011
-1.0398770165981863
0.06628965860054249
-0.8401867758075829
-0.02927501547978839
0.0915423246670006
-0.5189008704609459
-1.1341421638166436
0.6727772299438202
0.9034620577246075
-0.9532375572479558
-0.8123879928924291
-0.3509275811893897
1.8391312992365532
-0.4528226212224026
2.29989901892291
1.2970469192567013
1.1929545960378694
-1.7107635578893186
-1.852833034232083
-1.282117600306706
-1.0112090702296945
-2.356775718711406
-1.7038035928673971
-1.9478658009455454
-1.2106415805051793
0.6394646099942896
0.21230596028855914
6.763192136175905E-4
-0.17318327961674218
0.9455760305934203
-1.178574872280718
-1.0654024278527532
0.047433111630160535
1.7078212400504151
-0.9976710953883232
-1.4389968142541953
-0.09567792595483257
1.9534972186790243
1.4671936334703086
0.39032608129433777
-2.414862705116164
-0.44274159082905395
-0.7756013346780948
0.6731447317211151
-0.6989767910947662
-1.3013931631332771
2.036214124469922
2.8349401520010464
-2.8411919219977126
1.1654907825846967
0.43978679382810126
0.6615917346932209
1.317620629158999
-0.45387010786761667
-1.2168039751354567
-2.724124506600257
2.0431995042203224
-0.5908096688600948
0.3978868632812734
2.203831162559233
0.012454708617688437
0.736923576480678
0.10990720027471004
-3.3671023028334868
1.8898101392313906
-0.4771641709772521
0.9621665529002643
1.9471388759633552
-0.2398501337271916
1.8096953761153338
-1.4836032312585612
-0.19201473845320113
-0.5314215985058801
-1.149427529142542
1.649544622617709
-0.43675453545401555
-1.7192655554839447
-0.6954901111927407
-0.18445954012962065
-0.744274726897151
0.40416922171034975
-0.168133729080324
0.6438191434614456
0.42076639874599564
-1.693665737344085
0.2516779044336226
0.28132861452340874
0.263358821966295
1.020229400973486
-0.781243973867657
0.13191474248739693
-0.5628738611636562
0.5936849835504334
-1.1042020832505848
-0.7797264875276017
-0.9341677814688538
-0.6404949626237975
-0.46317508579207634
-0.6655308446256114
-1.032217023043739
-1.013377525291864
-1.1872340843394684
-0.292389013722436
-0.22310537076335266
0.34222654528139
-0.68552236028456
-1.2603910502663296
-0.6139429423593965
0.09425703187293939
-0.8584575003998639
0.5466582436613832
0.8971489438135076
0.3741765818307746
1.1169420180737304
0.05699891158750746
0.3208856087513423
0.3836501885026996
0.9528972322880741
-0.3763392779640175
-1.3000555076205729
0.5601946556517048
-0.29585400667860423
0.8874470442701593
-0.1628772073423587
-1.0847097584868384
-0.4909274801592898
-0.07489443438747395
-0.18383422252381013
0.023858124165983985
-0.7111287738816887
0.0941290804911741
0.32932788442856814
-0.17247925326464922
-0.7896147239448946
-0.7535785318179226
-0.8152924979163995
-0.27829780497166645
0.8039591860191406
0.40194012409958263
-0.5832994441812552
0.790015587981676
0.34340162459245455
-0.9307521880135889
1.059446073619972
0.7147060433886561
-0.28272870766607877
-0.48777261279817274
0.3729150604883476
0.664205841505463
0.8118548392840714
-1.0867543526682764
0.3697072819551275
0.4680578948496852
0.35589146643201014
0.7197063305243638
0.4407326459112427
-0.05572866703312657
0.25616020185114347
-0.4615427763080292
0.07638084742594281
1.6630793116098772
0.23906407998366266
0.4681212132804139
0.005982109228166832
0.527088284078608
-0.9678746243979874
-0.5918843399699499
-0.05460589840206681
0.5227724062516061
0.3916602756942904
0.13521590062207592
-0.975499180204576
0.9961519331673625
-0.1076849445410418
-0.624802834767629
-0.5245109010831724
-0.5452969871459974
0.23991228247480284
0.5107340898131345
-0.08659762234859684
-0.31310590580272746
-0.9124992114335992
-0.10851726751186366
0.012661103631002632
-0.7174999380712271
-0.6635004716612507
-0.5339196185912753
0.21229735974527242
-0.9168929706410633
0.13137066896015095
0.9385435901689778
0.13019712717065457
-0.06834830685622154
0.49015190853697826
0.025949586181168178
-0.09488531336862267
0.04875618518098279
-0.02844271780283364
0.9520636396882498
-0.37207897683444463
-0.5910191281132379
0.08660704267526387
-0.8077816343515148
0.8617870891850028
0.9407430891104627
-0.3317826229675692
0.9372733215578393
0.39835553010367963
-0.8567053060978507
-0.2382432604420337
0.28733935536656685
-1.1452040319683627
0.8189633730373401
-0.28290267976660705
-0.1592232787737407
-0.46100282258802194
-0.8401765766727606
0.3944202521864923
-0.7269443749687595
-0.6347103050254084
-0.11213003040229252
-0.05065888357311571
0.33545862396150167
-0.47796883598981144
0.8594485568454447
-0.3033429064051578
0.7018167269270899
-0.7310492430145705
-0.13901590445002007
0.6431080248278214
-1.0104432824635143
-0.8751636021784475
0.7611258235951464
0.15651878692227472
-0.6357375565705856
-0.3998423918813865
-0.2544707641958697
0.7261727119173707
0.6132109530936772
-0.4313126583146397
0.5517658186270878
-0.08005303014986562
-0.12063997821737901
-0.15324508379590904
0.6681763311929654
0.2823283530525803
0.9114805386490044
0.9181138163695519
-0.8450521739324606
-0.618551535089793
-1.1678227769263294
-0.2079779980750541
0.9419307867047952
0.7670933023000471
0.7780997012126878
-0.34805861446378883
0.7893952456014875
-0.6671414601000781
-0.3324958629712376
0.3070575926652224
0.2819224581545511
-0.2806630271820387
0.1002926927777752
0.3226369089744223
-0.9538826124355297
0.6272437438244411
0.898737231806671
-0.9532390853519308
-1.1853471131467355
-0.40984077917622885
0.08046932784448074
0.126055569986663
-0.1750316934916288
0.7489186231686649
-0.06942216761395634
0.15274412858606223
-0.6728443234031888
0.15456863056431128
-0.3898609227101461
-0.32248094513178666
-0.5159211022303394
-0.27242250298799275
0.021964055185986153
-0.524710748929318
-0.4250741193314329
0.22797084853790286
0.9452970426966034
-0.47644264911474676
-0.4727910598685638
-0.33346201897244465
-0.13256618619650207
0.6511035531537721
-0.25521002581383334
-0.6839683077017957
0.6038095858377215
0.6978750385921327
-0.9376900172179585
0.7764285521619428
0.13018023791863487
-0.5522929572277347
-0.003580499698573103
-0.5242399303982128
0.15473695840509893
0.6365898101050147
-0.5439981738546343
0.05226758285607668
-1.426695430903516
-0.1887549651432232
0.5456511084610729
-0.5769141095357023
0.5741270469889731
-1.0315338589843257
-0.06788653119358351
-0.41332552344519796
0.5838546446334518
0.03157038085497016
-0.622350383392288
-0.40166531369829095
-0.29747016554944467
0.5831072300195841
-0.38322502117656876
-0.587654324789199
0.3135583210942485
-0.026481054728389186
1.0510396993966689
0.389885233486011
-1.0477747225797425
-0.0735109455112352
-0.3384529753646709
-0.32932326903725867
-0.792361206572509
0.09144772398405637
0.41403425122556164
0.9831830193954768
0.35153893755237736
-1.172326623597364
-0.3379530772950486
0.2167028868561498
-0.4481789394581844
1.03697198507418
-0.3312187752865837
0.261021484180011
0.8908250841435252
0.20972539774498997
0.04168705411499521
-0.1105704031915846
0.43791956320820485
0.6025443183055066
-0.6238674346645507
0.4403549210139555
1.03075580904895
-0.48508725041271084
0.3051104937353186
-0.09184828243857304
1.2237902174085815
-0.38466607398827024
-0.6029066717954371
0.31196500739373273
-0.24966858760088062
-0.49789545436678734
-0.23303764889181955
1.360543778473483
0.5896674299592299
-1.0173921670205939
-0.8806166076574881
-0.6575257760749998
-0.4966972532767032
-0.2901124215191627
1.3164858412398637
0.5825995466753521
-0.03538719323443151
-0.6001149389360446
-0.6549586858937285
-0.39757479347089036
-0.7060448425522347
0.2216678311721155
0.006258578742068532
0.529232735219087
-0.5343640418106315
0.20703237902214416
0.3908848817693978
0.9057664506689924
0.9731343434047086
0.6733097919587969
0.8001750696345744
0.5267829596064761
-1.227654203466682
-0.7748675985593019
-0.4560220584293257
0.194635278784163
0.9030487390189679
-0.3922712916328761
-0.30315185657143245
-1.3326637204229193
0.7101418438546077
-1.2510046054358186
1.0493613545715172
-0.9670404815475047
-0.6931077302482684
0.20047426642610086
-0.49107552833146667
0.7909519786013686
0.2392359629685323
0.4198723375010083
-1.1815427365954059
-0.9914031568515915
-0.08666356565061462
0.36992599493186173
-0.31063475997432427
1.3333826363146355
-1.084900260455754
-1.481228712376812
-0.4317994775628443
0.7548474482999274
0.950289039848847
0.1528479124939379
0.7371638560035945
-1.8997873549808313
0.8695625708854529
-0.048915951044226955
1.2549298659803727
0.18608956797690496
-0.8308264316680708
0.40788607730953397
0.35089677391831803
0.1469321457958045
-0.9307575623271538
-0.4692749813998665
-0.28604611652758416
-0.5234868450790695
0.4943661920697049
0.5319868677220605
-0.4113585791134221
0.41432295471478897
0.9486722069384127
0.5436641062788885
0.675643457636187
0.19278964400247
-0.7587034491443408
0.06277144091936508
0.019670151385534795
-0.3503111072144928
0.6699242867796615
-0.4913912861284284
0.6315505868926268
0.016165755977069207
-0.22888748135945622
0.09112141197055354
0.007019008548914463
0.1280166251532366
0.14289352641124875
