40 1051
-0.8694133590329164
0.2353037968590379
0.6240095413442492
0.007246651376038249
0.6114883488156584
0.28248624104879283
0.9549099525522013
0.5054540200244346
0.527790727940433
-1.0200235040727759
0.9097448513001822
-0.08967906252445358
-0.723242220450437
1.5358370491864726
-0.2885999025743135
-0.8891133969965705
0.7477937476050318
0.744566541713843
1.0463085174720035
-0.1572588392912096
-0.8082287765130498
-1.4076201147394807
0.38813290697891656
0.1812313703328066
0.17492475535303453
-1.364364137890982
-0.7769445377299042
-0.824881417718903
0.20121497916852316
0.3213536603675485
1.2437546864490092
1.0067821081019939
0.08095815652966108
-0.3672689481787407
-0.6112937721156919
0.803539169393992
-0.9930747040959788
-1.1136510884468676
-0.45994525328572466
-0.6649208443713358
-0.2912152533330027
-0.7121632773008042
-0.5330903712263021
-0.6962567856595439
-1.3008778272796193
-0.8605937759778969
0.5888057613903577
0.44821862996847867
0.22137935982229712
-0.00367419416370339
0.6196085328058829
-0.019599033217340578
0.5985243502739357
-0.9015625180598843
-0.6866394204703734
1.0012757949823794
0.2958739232992239
-0.9520941937592333
-0.42489899712584633
0.27088725763170524
0.860604394459911
-0.06382608137924355
0.16391883790611023
-0.16215946326757105
0.42251993606124477
0.2944493951015545
0.42354917399408865
-1.473542146987843
0.8762650218452064
0.28951702036826477
0.2549604079214868
-0.8220564567069142
-0.04696683264087592
-0.3746590426373292
0.17205950069772133
-0.626011004304503
0.3506571457813954
-0.45412848695259883
0.17163977294189092
-0.4484200188952888
0.00898487848909435
-0.5565579356546326
-0.44952223495873744
0.5707168606977017
-0.4991255808354924
-0.8620040967604284
1.1662574318703296
-0.16796016162526797
-0.16585965040251338
-0.3567469780125903
-0.24490117188989574
0.8236806576566642
0.967163294999631
-0.20379745258487003
0.8660448024838854
0.4573930409099879
0.16564995090227322
-0.19957951343894154
0.3259931065946553
-1.1316679618032326
-0.10971667478813626
-0.21717438986307844
-0.23968107331407104
-1.4215561585500183
0.3486208948799079
0.5094905131705394
-0.5342257127109135
0.27573949784642426
0.2749064762851792
-0.4622835670172909
0.6957029211703835
0.2962760794896876
-0.2273352741099168
-0.5578049985801898
0.4954118016307681
0.2690898730903207
-0.9342083767514567
0.5953827083023384
-1.043790427943325
0.9940434191131264
0.07990533490570259
-0.9443989880032645
-0.02465215592057768
0.7554029718859885
1.1111348521405722
0.44533775392958014
-0.2512965926055753
1.193780416940398
-0.6136176907281584
0.35065834384485417
-0.8076744196691856
-0.6200922205745857
0.4923281085994985
0.9033727127987317
0.24609544461779892
0.15330135871830697
-0.044952879930494793
0.3931855662504329
-0.5996869395945291
0.14869434867405282
-0.25528075698331276
0.44914747279160766
-1.1248846653238118
-0.7281663813073211
0.8438827670845644
0.07020939075728833
0.21870062983400346
0.3937952028321887
-0.15822105676744452
-0.2781888649437385
-0.4015340690281075
1.0763318827780255
0.6237035231604058
1.1987195188539437
-0.14913783234544048
-0.7347999819205262
1.3826322536440883
