Type2-1 8881
2.650375007351934
-3.507039293978863
-0.4433135114572931
0.3428223323628422
0.9577927468001095
2.4665847732288233
2.886739221063165
0.5917692747321638
-1.6104754840660198
2.1095749634396466
-1.9240866738543725
-2.689907118500121
0.8428340944214349
2.5913582231509817
-1.1431281056323883
-1.4327672365424806
1.7031059130648656
-0.9647782143882634
-2.701519657515257
0.38489983870141387
-1.285863998121331
-0.5456303425665016
0.2962323745444514
-0.7712244382261386
-0.20388182871773874
0.17430925492275506
-1.1945757062687434
2.9015264206506797
-0.33969995312123136
0.9087796456931815
-3.142946002360129
0.3068567907370889
0.42652725501907907
-0.08879575357593322
2.0604434003902625
2.4253291011216054
2.620055164069729
2.906518028819647
-1.697300594582198
-2.1125837351827657
-2.4078380485299893
-1.3736566203859013
-1.0200234015383072
1.6414040653018498
-0.23931197770468965
-0.05310115921753769
-1.4546043594088653
1.5629318201850855
0.6818440666672316
1.328609569180715
1.2524969626973637
-0.8609875824258
-2.0361759498477956
-0.26698957665103196
1.476940687601425
-0.45261140425380175
-0.19338858740331738
1.5375152722937466
-0.17260342556328212
-0.0320144935267808
-1.8677436538101104
1.378166782592935
1.0377026256661914
-0.03663992442118952
0.13164310798509313
1.0197322630382988
2.7148437694250735
0.5392906583234895
-0.5011858367431805
1.7994981752503085
-0.5974588350296705
0.5025267760015386
-0.446242525824206
2.0165954884308235
-1.3948499693315366
1.3994082670753336
-0.5008268417029393
0.22121022046966166
-0.6178188800811921
0.12744014991034067
-2.595289985007326
-0.5179616848941828
-2.9791545381761617
1.526454451126809
2.3492225412662564
1.7865401046633576
-0.5099981459694514
-0.31793698218912364
0.6558227398188021
0.530949863333351
1.826936991408388
-1.4628107328821625
-0.5829955380389393
3.500983019364259
-0.7289369271466679
-3.805881509978074
0.19345788922733553
2.3256056901787647
3.873486797708069
0.9293083308311764
0.8282820308881359
3.6976115809248835
-0.518937525853603
-1.8770551950194774
0.7580248099490126
-2.4254739025895162
0.5748254930167715
-0.7704110207169453
0.46048144506638483
-0.304519465602976
-1.0696035645210547
-0.16324274923796858
-0.8847834869406699
0.9500321351769254
-1.5601199100777214
-1.0784319383798644
1.699174951471628
-0.22805802082915627
-3.34380912355277
-0.43854893461568295
-0.1480874604284274
-0.4391890047093026
-2.8910051949549698
-0.6776129502686977
-1.1812855784827385
2.359232913808019
0.4570085686271835
-0.6256622048306651
3.9878196828622614
0.04677373071895924
-3.368147431313941
0.5728036218162815
0.6544930322928147
0.5491260591024416
1.20635765857632
0.19339042326213177
-0.09306409092711884
2.055816752125984
3.0362931601270486
0.22479528224942977
-0.7186653981566088
0.6637635642970171
1.6386805110423184
0.46337288064565385
-1.0133283184628892
0.41569945234190253
3.5283953464947055
1.2023238346828546
-1.8731191871855946
-1.1384235089109536
1.7248893314602243
0.58133567408194
2.234223138329301
-1.8501628156709673
-1.6998118463820566
-0.9835625455482895
-0.7983518863521278
-1.8055198619934072
-2.387588250943602
-0.8873288115438855
4.1293163808435756
1.1198551025538925
0.4256847126012223
-2.8577358947618285
-0.8182559260825832
-1.2992467741367084
0.7457449793650889
-2.352928253276371
-1.177819615460736
-0.2887470215064356
0.4416673747669765
1.5550415079711677
-1.746141622024229
1.8391567043532888
-0.21069682554077812
0.4673099936777852
-0.7314558702313609
-0.31102845638680365
0.8186682563498971
-1.6633030475239263
-2.519140017759031
0.5996875094811333
2.895851077003876
-1.5995220641020405
-1.1968465432840498
-0.2445880223849473
1.8400508273165637
-0.5613886552618359
2.437808964537047
0.5033495824900072
1.1738164543331933
0.2215462066196718
-2.163059075928565
-0.9560614018885499
-1.4346047365734305
-2.3417514973631537
-1.5366825293323296
-1.443304762283723
0.14328282516296115
-0.5399923883934448
-0.5983663340671891
0.8566880878800307
0.3371331138812072
0.8610728756092154
-1.4543884846621975
-0.42383116615339034
2.056284189655914
2.5499020156236782
-2.4552915484123634
0.4764437600384256
0.4361880236461989
0.7476362925711817
2.365760749223335
-0.15104995570503232
-1.5974225437446565
0.020549406461400938
-0.5142216644705758
0.85816601658035
-0.8400918787550966
-1.4439333373987726
2.9418819547936614
0.383534226296778
-2.029083893635134
1.9350891256873308
-1.3634240520984402
-0.15462059271199785
1.8172430833420652
0.48073972319849473
-2.7284502167293136
-3.079732567085326
1.9135851942144337
-1.4427239962577523
-2.0816043029456925
2.6967537158626427
2.061250178615814
2.5614201934026646
0.9942775724951567
-3.2247277387713496
2.156718337289266
-0.5263464523844694
1.4840394152269134
1.5613582354638103
-0.7680890577977493
1.099784093484361
-1.3868787376033884
0.013911054261709105
-0.33209740520171693
-0.6099526047831532
1.6301717113151666
0.2085750319021365
-2.003836232702667
-0.18386542238507175
0.17153942571449293
-0.11443300545170863
-0.9257890365692528
-0.03229036810964474
1.2567199525811852
0.32016677329156373
-2.4606887708237135
1.9397466241663925
1.6618828226241704
-1.754474384496149
1.8559354703527453
0.3049751993109658
0.4867646137884275
0.7255640604551488
-0.010459170115979938
-0.5692955342419752
1.991242567950816
1.0449975240989589
0.7136474440376571
-0.6752692407877499
2.1470835381957856
-0.3243559586393199
-0.6692369533472944
0.17048460092568368
-1.787658082187048
1.223846897329944
0.47508380754812074
-1.5928734754577099
-0.5538306129150745
0.442236329045718
0.5502402429382384
-0.8355040471177604
-0.5099958455274395
1.1723301893438514
1.2278604671834188
-0.07334862477912381
-1.3937386084104126
-0.6744590335648971
0.08502598454817517
1.465706912853919
0.3595325100144121
-0.30339934646827926
-0.19185082853704505
0.0023996044231451327
-1.6038251199641538
2.2676587883827946
1.1481560166231937
0.24873239868676195
-1.7628194101616599
-2.016172070837461
-0.16973084723528767
-1.5710649826841017
-0.5264039875413686
-0.4296607586516308
-1.1246913974849952
0.9901697139774803
1.236919086842505
0.7791028471139303
-0.3969076820264009
2.5117890025561405
-0.1936294580411174
1.233025598235725
0.6753935444661151
-0.9096925003810045
-1.5911651193303065
-0.842728363061317
4.413705965618719
-1.6768797331819245
0.8553246801472281
-1.23894667430586
-0.8395969048433372
-1.0760393827144203
-0.8728840353459529
1.4580417539219197
-0.43803122714314324
-0.8051131670077504
2.360591938660124
0.2985601636543229
1.7973739765275734
2.012584437635893
-0.35712258463201757
2.215094951623518
1.204983506850211
-1.8189553183460276
0.14508604215532028
-1.5961446461085227
-0.19983432390584072
-1.4034810399948237
0.2605012151165679
0.3233145964896355
-1.4957209792018342
-0.23952750373257464
-0.8183427727265729
0.31636239087054
-0.2031544447075727
-0.04228406449291249
0.22266082531682618
1.3565581363545127
0.282499283874327
-1.715103534709073
0.022745455614409882
-0.25615933583970846
0.4839339269804712
1.2048307044631903
1.1383073972605728
2.23773374287711
1.6942158748407803
2.0585337787639997
-0.043738229461654884
-0.7141899730759238
1.3681496093010928
-3.3293676802489696
1.0108787395820862
-2.5046654101710746
0.8907112558912406
2.613769872499087
-0.9191384694744887
0.6938606729245151
-1.8899903815703667
-0.1608718640030862
2.8102294863587245
2.108359214265388
2.228777492473011
0.27089870905274915
-1.3444930855400243
5.158295032785147
-1.7688086420127844
-1.1879992589201367
-0.09888436015580171
-0.8280459971994103
1.0727473355563069
2.1018593389051077
-0.47462654627055134
-0.0669113021558996
-0.938939939214767
-1.1365970336815254
2.261671900903196
1.6893527666186012
-0.9264372995122436
-0.7207300953195481
6.654738119534556E-4
1.5070901685774682
0.2481057921505782
-0.09188709766940778
-0.5550408038539137
-0.12847333013216633
0.6083271132811382
-0.548948775532274
-3.3568497367163594
-0.8656851279547229
-2.6088914114457964
-1.0853200795778537
0.1942426274851363
2.112248733213307
2.6825771336093927
0.31637978569712366
-4.0480083661910475
-2.106551655276217
-1.5136063600401233
1.7052660548238656
1.2430004118465556
0.19756600068715036
-0.30742304294900374
0.44266549666303456
-0.11397758088645482
1.5136193784874594
0.7707885206102865
-1.3680725994980776
-1.1359948116939516
0.9022905833777318
3.3662935456717875
-1.0318377856636212
-0.0482999392962023
-0.8436985667257509
0.4072974996384542
-1.1194464678031828
1.0105695738558507
-0.5056735877144948
-1.7120238759370785
0.8606537234561074
-0.5116097100790261
2.328632441744375
-0.7977876165130647
-3.001936861448662
-0.2515185477702112
1.0722548644921368
-0.5090164567180522
0.9628924340433318
-0.021602656801623495
0.8080966607009645
-2.4715903812805706
1.7926815785634196
-1.806691100917534
0.06040974484257505
0.4917472612023967
-0.018247085542518887
-0.9623184093048099
0.4349423315145873
-2.7429188156614437
-0.4439420042874931
-1.2117489252626512
2.0771387121611
-1.5439165461647302
-0.5835155932986088
-0.3722541787424428
1.0146541149350412
1.3660147989804354
-1.8834910582334339
0.7567214216741595
0.22278509678228717
0.2680696054372573
-1.297990320206822
0.8371000473094978
0.9301839760602368
-0.7152131004343814
0.10100538275383153
-2.536879165838808
3.7352825113754604
-2.1208603485764606
-0.14005560724585278
-1.4406017439606122
0.8944900224148665
-0.8506239806218678
-2.5563006141316396
1.0511275818117376
0.25350234825036083
-1.3479572797653323
-1.2761585235902653
0.39752609063614486
1.8646867874547324
-1.5296540248801132
-0.18289112582279643
0.3610915820697309
1.2250080181683565
-0.9636938987628074
0.7823699266295759
0.5281255836424074
1.8668959765674122
-0.10591607440084994
0.554696005303084
0.2244217722603929
-1.2976555903861566
1.1894471746167854
-0.11706619902662668
-0.09652516154838633
-1.0810861095043027
0.49922554936732205
0.9751372136183692
-0.5678500080857587
-2.2387955899793783
1.1066021587001802
0.49737685568010115
-1.0110551140269144
1.3964892690062451
-0.19462302213119037
1.4459704808147227
1.077823433598806
0.2010026270271215
-0.014710694314325867
1.2863575283508686
0.20556347532463493
0.20151153509216646
0.7727210911037923
0.8024901551667845
1.1947619128870564
-1.9510807491314202
0.18202548238873817
-1.3699923092634092
-0.12802919280018213
0.08603714947827025
-0.45162539844294924
-0.9673369413553944
0.38261357385317585
-0.6154600032680602
-0.45451497632170773
1.0771831146230753
0.26720650816214764
-0.7528391957882387
0.48982934783351334
1.1273943555709927
1.309798359572245
0.18633723910485112
0.4783567760684913
-1.0933305702684748
0.07351804729988415
2.7259455709027693
0.6882356595669177
0.4135858056257765
0.7110119637225887
0.19636272509196742
1.2040795341846322
-0.014336024761129385
0.5006295253360474
0.21390261657467952
0.12348660800064068
1.9361026170870375
0.1086691794563992
0.5537181082456752
-2.1880813026897523
0.9429334313495937
0.36167487175411245
0.3872354553458893
-0.5717273678414941
-0.3921742824953221
1.4716061977978114
-0.2661755541083428
1.0656454334516519
-0.8055277325184294
-1.0831685012118293
-0.12693045030817787
0.9724534793466644
0.3423165209941581
0.028599738587120657
1.7519662841165773
0.981977798708271
1.979563467121897
0.1667110628496033
-1.832839565424358
-1.8016800905936607
0.8628048604600772
-0.43818168864111606
0.9348021086875423
0.7503462669905349
-0.31985899311165156
-1.4339319919715452
-0.7386775894273812
-0.7349732523500937
0.09320654835143781
0.9661190074189756
-0.9192571264834338
-1.0536703269835241
1.1753715090357977
0.5294259343216204
0.4949790801505132
1.0116964743441001
0.285797365398957
-0.45842865920782927
-1.0966492065939784
-0.7689010915900324
-1.6187196508966264
-0.8514493181327731
0.39477544404427306
-1.1590627922606558
0.6808134751591832
1.6010434542519854
0.8586248244887325
0.6213367922076316
0.2525979965370909
-0.46306964786762256
-0.22682311952045367
0.7035439646572201
-2.248070208107028
0.5029482128765451
-0.3957715921028165
0.8505628094065654
-0.8087888749052613
-2.0539686870240925
0.8127267524760828
-0.6420620367257601
-0.7294275332125755
-0.18409183083250766
-1.8201278756173955
0.08006032385345094
-0.182721483804425
0.10479043594664927
0.97322941601591
0.9622095208169408
-1.3963531734179624
2.355160437624066
0.5255672535607188
-0.528565393953765
-3.424903294170236
-2.212213778455017
