Type2-4 5635
2.262313741162391
-3.9380553589660208
0.3942698431996084
0.3164413865737354
0.23343428513972875
1.9581855563467345
1.2391540641560115
-0.8374078324706077
1.5622792348088181
1.4823398357095552
-1.0971100438909305
-2.7424669743774883
1.7418799779554521
1.0727146924210724
0.42667091927559064
-1.7788919470040427
0.8065918945769208
-1.1262378574584193
-2.146798549202262
-0.04455468418470868
-0.6668777160957855
-0.42658424038172016
-1.5235200252502228
-0.9435442198371713
0.9758483479673038
0.610937012942963
-0.5582183597413133
2.4416778580284753
-0.32376433304821783
-0.10658975236460186
-1.8478867895911988
0.04621689158428771
0.12491734669460433
0.5765385960926082
2.373210200639874
2.7977510294631536
0.8953354091192377
0.8439470665228058
-0.6887445334552008
-1.355669655298728
-1.1365045138300394
-0.10224312907348374
-1.8367858325632123
1.290289960520356
-0.7576671977854369
-0.2358082501304328
-0.08514087328355688
1.1340761374460784
-0.28336920911715063
2.515225165454277
0.12098626721854142
0.23125427905043033
-0.3960115609367783
0.6989989734493656
2.544586095168576
-0.20635006960088256
0.01842771631666823
1.5803053041385224
-0.3558189443143244
0.17479193679362273
-0.8054475698257887
-0.1642373451096235
1.41700796030058
-0.1693935131221833
0.11055823624285152
0.05620746204668231
1.9807016648018512
-1.6405359088361278
-1.7005005387914554
1.0246082997016477
-0.748555290488625
0.03684348907783919
0.2980637679491602
1.8078215745681225
-0.20063899730780632
1.43425341162061
-0.7403274133339308
1.4620053737095897
0.7666790713062563
-0.14042464627897422
-1.7586207678637351
-1.410486933269034
-0.5626779295658089
0.8023251658544153
0.6601374902649769
0.5514554824854727
-1.4950342325259973
0.4370023484154185
0.7280063843869221
1.896974679914976
0.9486320362814447
-0.7502006241552516
-1.1271730176706534
0.8552509345156656
-1.1154817056549649
-2.6094832793270397
0.08515429430702456
-0.7368509544069034
2.210663533250113
-0.22997085180512178
0.9833014409902948
1.0573674325892513
1.6345901809170185
-2.6553895822875835
1.0308536977549843
-0.55708496667588
1.5004723176420804
-2.0130932249670885
1.0004373775572624
-0.9433798257009935
0.2366287456256474
0.9599700200610793
-0.6759736843012196
1.1853608976313608
0.18178214013595417
0.43067071248134936
2.3297806271361554
-0.17376558895977853
-3.3016817279813293
-0.3820598999392084
-0.7825494667448429
0.7829070363546846
-2.269615487517783
-0.22529053051211567
1.881408760874622
3.196941425161166
0.6374112813966916
-1.9390108855860746
1.3641152176357094
-0.05896396775967591
-2.572696275134463
0.8359010093913704
-0.08227519127045627
-0.6175324863750081
1.2562196776123005
1.2727058546628136
1.0678891744113352
0.7676048008191185
1.4833784433002937
0.25961560648623266
-0.03345052638411032
-0.261013790214749
1.3134460221767614
0.9017517819153549
-0.14093109773778772
-0.6790674992408195
1.4663650810288655
0.6213494228741872
-1.7031409243045226
-2.1507481729262365
1.3294858597557755
0.28294605776259174
-0.300174935875931
-0.6095608618440824
0.062081161065485085
0.3034433281077856
-1.1868420890895244
-1.0092060029949217
-1.382555592551617
-1.0844188478402135
2.312237224089438
0.7761557260261949
0.004303803918476897
-2.737237904046665
0.8200895920716279
-0.3973135823392499
1.7335808112381887
-1.2251212405346323
-1.422685735103317
-0.9118768331065339
-1.2548772029894206
0.45652510132004526
-0.177300917261775
0.5915675074824444
-0.4116971485287294
0.11060109216534184
-0.9973328636640522
-0.24008675498424897
0.39846141154339515
0.4701961978269683
-0.00841817202313501
-0.5424991351764882
2.820753131174076
0.658465268609249
-0.22261903102970373
-1.0385311892603757
2.842766908535889
-0.04105649307953327
2.2403525393530748
-0.1231962536429538
0.6829080749070997
-0.5531856193716014
-1.151433628969932
-0.1832491793705016
-1.593177210092216
-2.2257186651608323
-1.8014810409909168
-1.8566683539699596
-0.2593416656405579
0.7737921869701023
-0.06602530840771376
-0.24430673485261473
-0.9688894621830227
0.40894845425702486
-0.06920608427088856
-0.9245202037838997
0.8560810132938764
0.5977560663622163
-2.3377066878087853
-0.8704251307788158
1.0607848811487026
1.5306154524162996
1.4212931786591956
0.045964283383742345
-1.3325102330150638
-0.8655238399541757
-2.0998964238027713
1.2655727830875034
-0.46578872796078946
-2.0276685868698974
2.2542253678939166
1.8224308802289415
-1.9043494533043759
1.1580029331203971
-0.06404828543243263
0.008591448541762109
0.7673794093664015
-0.06878536449945227
-1.1528449778125596
-0.40847045804118953
0.3791096552569837
-0.06595782990392965
-0.4817334254439959
1.8008862753566837
1.0506407849547024
0.22439026310124024
0.08118045903393145
-2.6892653654954644
1.8786948941344883
0.6485994686397001
0.6492744344000693
1.4174228722114794
-1.6699383394561902
-1.0752334395701526
-0.7184237962599248
-0.2766234712773232
1.3619172176804466
0.6765815345429669
0.29171496238475975
-0.3551442009151945
0.9670360915254033
1.1414133358153495
1.7325486079700316
0.025107433640588747
1.7040003312782965
1.9140847779203949
-1.5048287212852494
0.05842745035405236
-2.11965881002591
-0.47121311478766637
-3.0337266173201582
-0.9202763148407482
1.194124935726517
0.7843564553311799
0.33826192286304957
-0.42696641014856995
0.11535639928381838
0.08235712712969151
1.2915764052508953
2.2745991563603205
1.311119808101959
1.141693034163743
-0.4765813084613836
-0.892818770531447
2.010238746930813
-0.5185795590740854
-0.35910924592143373
-0.38894636118147335
-0.07218643183496065
0.7962473841523625
-0.1843800638320208
-0.23678812268642677
-1.3179353453044966
1.0747741978364045
1.1204956858783468
-0.4565700144337489
1.6025634317231112
-1.241668182589501
1.263192074135328
-0.6877122517999679
0.13163540113844732
-0.11447940037772708
2.330770600216931
1.942524242401713
-0.5442459666333938
-3.0885231123211443
-2.2100012859610727
1.4035848041319063
-0.5996266779014716
-0.5515175707209674
1.0248717781850605
0.8048693256469335
-1.792726489630788
1.583891122634109
-0.3410085948324345
-1.254941583416088
0.07715962505811663
-1.5853399003393562
1.9918643656284059
-0.5098497693809261
-2.181395975640967
-0.6245027533579143
-1.5507038809500866
2.5151913437878495
1.4057144824046108
0.6310555239059475
0.07017207440783922
3.010001887653699
-1.3366816788424551
-1.5885569793691054
-1.1793584869520353
-2.296680355978786
-0.3487734246033055
-2.0444672391776337
-0.07369790393903228
0.018679600995494483
-0.07031998873297823
0.44006734726272684
-0.623748047891943
1.38946013927529
-0.8873501368445407
-0.7902064982558458
0.4123352781725284
0.5241894277057167
1.906069758250629
1.6194334048015937
1.3705139511694289
-1.0358921292586787
0.4913325281387597
0.2146356204728483
1.127664031862123
1.9513158573435563
0.6217914156588956
-1.766677612510631
-0.34504896852593814
1.3216565665620938
0.959230854250521
1.381004334923708
-0.6924125961738767
0.14881979889276778
2.492827397563836
-0.5894756992029687
-0.45128782681552204
0.20705101935534664
0.7456349016490672
-0.1234580269325346
2.3289949199011946
0.5512963005840399
2.705959993403178
2.994893813370094
-1.4395199878777123
-1.623155396037592
-0.307903205275845
0.05127983759202262
2.4528780329733975
-2.7872160886538366
-0.6956039367119433
0.5221048662552092
-0.3522147173996256
1.6131864076828728
0.045364646340290984
1.417237505666019
3.19760338917074
2.529791387017536
2.546604545141302
0.5029479848610546
0.6282716970619371
4.640730450579741
-0.06657018781522571
-0.9260214754683171
-1.2656778273413984
0.9613983988736281
0.5194034760881002
0.7565378040621791
-0.3647177113173832
0.9089157551586248
-0.2670941997243374
-0.43957560629654185
0.7376707022388462
-0.9959871533204534
-0.3494226542581544
1.1165850352951223
-0.5250475317002509
1.687394945590827
0.6335305739410317
2.1480569894773986
-0.10958168420499415
-1.3875376448388812
2.2826363070799762
0.15683440769970375
0.02159047669408798
-0.3068134172473605
1.0986709270483739
-0.14964883531567008
0.44411835404357125
-1.4402250364877354
0.4591500396375264
-0.6962746179484518
-0.7341364933222061
0.8717137589911907
-0.8380502635425852
-1.030046317393253
0.7401077533228233
-0.7257137250881849
1.0579453109888501
-0.2622984376423143
-0.41738494305059637
0.07915471078026448
-1.2922122050679148
0.031943841520334346
1.0228750651736316
-0.5171457555015018
1.0838028377536524
0.1357229736460906
1.2763240676380863
0.3008485962756443
-0.7331972520181642
-0.5118773786185646
-0.8851551589812848
-0.10313712520605137
0.34418093913683884
0.20987914232270954
0.15824052781140402
-0.12379036042216918
-0.5524697002095988
0.17450973776493947
0.4572635517299763
-0.8133184914829709
-1.6153326423241943
0.01104059635986443
1.0114857316869894
-1.3135273761396522
-0.23441497993262347
0.13095411383179656
0.6262198722923578
0.1744360273271547
-1.4926362032047376
1.4015035288436768
-0.06898276467994513
-0.25708842165247714
1.9356960630762527
1.1211234561739525
1.4604610952769228
0.3139371130172093
-1.0183311319200918
0.5040861380442949
-0.9297097079812459
-1.1018885350933696
0.04192842005441756
-1.641306763032361
-0.43152585120405806
-0.9334440952216216
-1.5145692775259538
-0.5492508201053148
-1.1452104453947056
0.753205472871697
0.5192595972084427
1.0656578447623635
-0.8175501672521395
1.3176463674388894
0.7814237893253455
-1.0142817588472102
-0.4077190560911597
-0.6891883791612318
0.6530269364276993
0.6507533447593059
-0.6189875834056549
0.13643079904983635
0.729240671224677
-0.4134580757450811
0.6385460676420558
-0.3729319486364413
-0.08442959603807054
-0.3145727916481774
-1.7841860575090127
0.6744286368209286
1.3159974167944144
0.9240661937057157
-0.8872252764006535
0.20585919804552805
-0.8567298654310155
0.6892440235915157
-0.7923621366513269
0.3859594875516275
0.7209155248904194
-0.9156074574533033
0.9497577579750691
-1.3202113000784548
-0.24978894065366808
-0.37973886101554194
-0.18550914229949383
-1.176173280672642
-0.1220374034083473
0.13876970904684605
0.6657332695409443
0.5492098028226929
-0.29155276959386045
-0.9087668623556598
-0.6477515373812952
0.45020854106246827
-0.9825129023162443
-0.19032336550241064
-0.07514348841173288
1.064386973705512
-0.9584024693039558
0.3804712688370361
-0.12954302780556973
-0.6441419252458693
0.40933328843752825
-0.7801700939673887
-0.649803043223143
0.9746851748827354
-0.054500836760039084
0.01500763993595422
-1.0230553611886601
-0.8538825499558196
-1.060930531814498
0.09791433629616844
1.109930561548676
-0.18039356720086758
0.5542209878706919
-1.2659224486190341
-0.6365420488373337
0.7463478946054469
-1.0476368751925698
0.6272462945073651
-0.5667149349885003
-0.7889056454861716
0.23483546722327314
-0.7217161416402286
1.6206329412102751
0.2663747019680997
-2.188423955910241
-0.21961809407039393
0.395764669528395
-0.09200474539100288
-0.713592988830353
-1.211986588136281
-0.5317619885369311
1.7789881307011308
1.76472747364082
1.40015960825612
-2.0704842891857114
0.5634225587221868
1.2293406671790752
0.9101312507989774
-0.027480661167559733
-0.9546100883412758
-2.2052286131880123
0.6178035012072154
-1.4581166645005519
-0.4749131646604311
1.547201676494116
1.3804924307729638
-0.5562929986720833
-0.7965097877917011
-1.9948990354107796
1.148918702307603
1.4013785416822708
0.4227730020051872
0.45407668821049424
0.08899845139092677
-1.0028822946982816
-0.7878193267562572
-0.6642885307899452
-0.4595880263210722
0.18124285758762043
-0.6928498839176864
1.0910586380087823
-0.6558946995826279
-0.3954146215742401
0.5578678671462083
-0.9288810718297476
-0.8131094676713703
1.6051362915125964
0.4698265495132227
-3.437692392965021
0.5173567780458574
-0.10214308264737895
-0.02852289155015364
1.2939755545649483
0.26949073905295917
0.47697365404077846
-0.2072678579380497
-0.7818428693822393
1.3361839809942957
0.9344651142736576
-0.2021642117518328
-2.3828799000412646
0.3686948308732333
1.2615873193703615
0.5907081846245225
-1.396529441627724
-0.08778555746293232
-1.6232369601118415
-1.009746051728438
0.8746304593781974
1.3490999793852347
-1.4443579298849993
-1.50890200901972
-0.1912434481630948
0.12000396302791355
-0.8703030458185661
0.7034730206091104
-0.49069264190461337
-0.4630217815690154
-0.09304969319227965
-0.0950520381564072
0.6189628577778936
-0.42796787909601053
1.5125844464950164
-0.07047023642935693
-0.1625129319038793
-2.00918972422331
-2.588215832924249
