33 3335
-1.2884907332047228
-0.24016662600872832
0.84064336068651
0.06585767308231699
-0.1924854258868373
0.28470395643737934
1.1390850730891378
0.9876316369571565
1.014004151859675
-0.6662178548507954
-0.32166619712777555
0.4006914198131859
-0.6906962741489138
0.46469381017471295
0.32892507792773396
-1.71371365746911
0.7046125942971354
0.6114828540689385
2.006767039202706
0.4979263040427827
0.38422545385331097
-0.8196845222497371
-0.2223619575360136
1.008233789750586
0.6924799967733857
-0.16687759792570267
-0.4167009454876646
-1.5528876277322432
-0.036116825345629405
0.6835352258079098
1.0911393511323964
0.7484960050824085
-0.41162695702054375
-1.1108063928210097
-0.35134245007691434
0.77058751843612
-1.6928433098567908
-0.15344031885140133
0.07145683458196264
-0.7490944436850885
-1.5600625604779574
-0.6905407545712151
-0.33643644473111145
-0.43138274306026225
0.7485327329071394
0.25763995675392615
-0.6667493754851654
-1.0480775396482178
0.8739082752283335
0.29734917928650967
-0.35157342564792393
-0.8803201252514099
-0.983756357870614
-0.6964148659666053
0.2490071548543649
-0.3963350800502326
-1.4901227051838888
0.364025159061049
0.4574032824057834
-0.44502040996809483
0.4402266816432179
0.41530477712736047
-0.4522614642024923
-0.8302342721249247
1.4180648704378873
-0.22574817858970192
0.4057879109008239
-0.7346406189204604
0.40967073561370293
0.29386020834622945
-0.7997166669147788
0.3662269995703527
0.05723298842489841
0.7160087189502653
0.8839812902593149
-0.319284928882651
0.043870621851273106
0.1369165457174285
0.45455767130777114
0.6511106481825238
0.12621341923442012
-0.133242517857595
-0.554709221468038
0.1254936074632539
-0.3817503632755907
-0.06930644601007108
0.7556058572486233
-1.1493699800355963
-1.489350341745597
0.3844305259864194
-0.3407090510145033
0.7739594193380952
0.9458606562924193
0.18719301836646077
0.7926445815325486
0.42708314722141427
0.4266785167876201
-1.016806486422126
0.6962638819448843
-1.477607286280056
0.9120255253883001
1.130263287013305
-0.06391086267695219
1.1613614631268048
-0.15483167215531268
0.2504156099326544
0.21849284610611963
-0.2548843780894136
0.2230602552270225
-1.3576696777784505
-0.8723108300969383
-0.8167383346712624
2.0407797727254287
-0.706612693919938
0.3904477547008906
-1.163020917585162
-1.0596710051489437
0.9854423376334682
-2.1876648654937627
0.02164306268126137
0.03670904829006616
-0.1942325543462623
0.5588744000225587
1.2039452371549597
0.6929772048627262
0.5580052331010494
0.22837583249054877
1.5071618896595638
-1.1207806169612446
0.8141104280444855
-0.4734428729099731
-0.43815345415201257
-0.1443164609522936
0.4383046120334704
0.774848532690608
0.5507202694160305
-0.5486057515606398
-0.24317705201802983
-0.5279380093244325
0.9639472319616296
0.47364400959849695
1.1740968080771015
-0.7021386115170714
-1.2180194996684734
2.2047159022991765
-0.5075453749684898
0.00681302958752078
0.2913752014251088
-1.1672252751166856
-0.13499217797019183
-1.3250430656562333
0.23574861659810784
0.1686452691710828
-1.0492607662596098
0.38964245843891504
0.8883280625592352
-0.025262162613811368
