maurice5 1200
0.3311177652099104
1.6428852289863307
-1.5141479161653322
-1.7080229387385752
2.4207937184817925
1.2272328542922193
-3.084095570915906
-0.4459064766218084
1.1842983332074057
1.2427675640036449
-0.5378299191507706
-1.8032062060243892
0.9590031365083068
1.313365079714423
-1.1510752936988988
-0.5820323696593229
-0.43823370634310743
-0.16136389711823917
-0.14487096356122503
-0.7674497400046355
-1.8334959750014386
0.3561445912782334
0.17550772495789746
-1.3978640746040107
-0.19146885275988856
-1.3625880311148855
0.200533468815297
-0.983868281481511
-0.26454490409557585
0.7054430258222074
-1.6856495439481498
0.338129599576394
-0.10480889467998095
0.9648027366976919
0.6233348713085226
-0.4884483861111378
0.0315120371601601
1.8600370627453453
-1.3253149630555254
0.39692101446472317
1.066719232951773
-1.099363622769337
1.8096092916687
-0.2553300498962231
0.5090023719369487
0.13030630432737123
-0.52893453838082
-0.18652554231204965
0.25664976271061646
-1.342343865201939
-0.2891611152975029
-0.08212007266410074
-0.1552730117650316
0.6609248861679728
0.5255687174526781
0.5756644396781798
0.6387230170863545
0.5208616053223792
1.4398448599459028
1.108176668772824
1.3194529900742817
0.0010355486158167282
-0.34335829163148984
-0.028559609241239473
1.4513991093676608
0.4840762935418126
-0.05674272794757626
0.1434441907932162
-1.5097492915461441
0.7144177592676947
0.907881103999262
0.05714276199861647
0.13361768363119111
-1.689102850347078
-0.2367733681345301
-0.20171241506783374
-0.4044088859216608
-0.8328874054617174
-1.1202840496281743
-1.012831019094692
-0.10718777346744404
0.7784437100305597
-1.0154365382565382
-1.0732381340670254
-0.012946303485801204
-1.1857039979901356
0.26694141680256844
-0.6432731958474892
-0.8456472187007036
0.6427384555077775
-0.6916901284409539
0.11889013091274914
0.2590795597787656
0.7252991628569185
-0.03595971109874226
-0.5910984492418324
-0.5109181368474696
-0.3026111445864037
-0.09241504704709831
0.5917605952793371
-0.3058908362981219
0.9234423287538778
-0.6644123263136452
0.8644442106037339
-1.1756392238439324
-0.357365112359805
-0.25180241254482455
0.012252816775226466
0.5718631841516054
-0.22811838507306526
0.049467885354561494
-0.7575833456645082
-0.53463237799861
0.14289038917677147
-0.6013073993598762
0.04824353445184046
0.24204130743901553
-0.05072817886069045
-0.6314455816384004
-1.0105452384174596
-0.038755816114733777
1.3234920112595827
-0.4582949583236227
-0.3458282383414866
1.482216034331899
-0.7749746973349892
-0.17403720977837617
0.699954065110267
-0.7684299275810419
0.6363809284738532
-0.7617581055768479
0.23837677543369043
1.0716203933953827
0.9427666431602024
0.574170192969566
0.24200703174151617
-0.023239847130236413
-0.7922706748378954
-0.6723767983859519
0.8511769629155099
-0.739331316985611
-0.16798857040947984
-0.2744414707530769
0.35882358917245805
0.2518559603807324
0.33063092295495344
0.3264430696791912
-0.7820443347696153
0.5328470026322611
0.5692938483573295
0.47054957161537964
-0.4464743031934273
-0.9188727313624818
0.279690866459658
-0.47800062155890766
-0.35714604810641776
