robob -1
0.41873663367201197
-0.6002933999264104
0.9158047698171725
-0.23871999395715515
-0.383211698247097
0.10691581068471723
-0.05760301529314593
0.5968181499602565
0.3282559175630879
0.6966270545765441
0.3904398244320282
-0.9755932375003309
0.5677570132898639
0.9249600425980342
0.7745449358341909
0.24332743157825587
0.5694238606452711
-0.6839692023739044
-0.700310911439701
-0.7750663456243039
0.8072483569610851
0.7570976400997087
-0.6990595196579457
0.9585398216046674
-0.33634657886511765
0.6154229480279019
-0.9459023274570317
-0.8207394660930156
-0.5031610931795623
-0.40922243573966455
0.07595463596161056
-0.05104418886856088
0.23440546134421703
0.0975955940280635
-0.058892099155480215
-0.17723544022049875
-0.43978871952940324
-0.3866370271206978
0.11292615652677451
0.7575376114083912
0.26337061962173025
-0.8650968443037643
0.31950424552454004
-0.5951905728001532
0.3827561816467744
-0.3481999883058531
0.6011282451118318
0.9797756415509813
0.4073197521016454
0.3762773792309697
0.31397987852864007
-0.4909279201720922
-0.018000294720860843
-0.6385682092917624
0.09551319588406737
0.9339784806457956
0.32093614519963665
0.09479382395075531
0.08013799344393346
-0.718000943229802
-0.155831590658716
0.6717707363288794
-0.5004513594174387
0.9185990521254237
-0.5690582762348169
-0.7663972467339069
-0.7897597796501459
-0.24779438124013975
0.12220451623108142
0.4970411465517035
-0.3385438972473356
-0.8105907803114933
0.10682924883318612
-0.5919630986563225
0.35001458405497754
0.6236291361698334
-0.6094562073052248
-0.7806950240293293
0.9041663254088599
-0.7106640946366807
-0.32648609292281616
0.6217081773918289
0.5968354038564323
0.4252506429443794
-0.3480313352442608
-0.04801712843536188
0.3093022689706135
-0.13622958274764496
0.21121633061023815
-0.04559375878574512
0.7495879278392708
-0.5998044824451654
-0.20815095784704973
0.091583560545629
-0.9244966936292298
0.5941642018644091
-0.41211075775823125
0.9796117123158556
0.9805300253465867
-0.9829728496387082
-0.824916755162171
-0.8345464930883753
0.7714024509542485
0.382723200309943
-0.33049926658811013
0.16943547099269152
-5.366120889653825E-4
0.4860451098290457
-0.41894821084344036
-0.5166404941446552
-0.19643028806707874
0.42101305469074624
0.15348665303358677
-0.9552022773393336
-0.7194732440063645
-0.8365991823846783
0.17189617294680448
0.6007170416426677
-0.08026654228208585
-0.7247115682555467
0.9706841160864861
-0.6713412244066412
0.42192384533794547
0.22584315394594645
0.6894355810886938
-0.898723443428485
-0.9324072224129174
-0.3786420200819747
0.7010592509424898
0.860113757910921
0.2088982071634058
-0.5010936374524442
0.5760335464308808
-0.29291997550882276
-0.5704667266481347
0.7617983508435322
0.9485410601565749
0.5271643713798921
0.4502678301164005
-0.17864707012526515
0.21472738332341268
0.22350082585909248
-0.046441667291883704
-0.44167109430152784
-0.8797252925818746
0.9759799823716471
0.15883167349935978
-0.17131620700347305
0.9839330694281394
-0.6728209951093267
-0.7992509539079853
0.9121606119297676
0.5556057328670694
0.35445997034759524
0.14596074598133946
0.5385282677596426
