Type2-4 267
1.0546320965180418
-0.40841304508990556
0.8185426187122473
-0.4646845988604228
0.0713967755556508
0.317994734948444
0.7606275364678337
-0.22153520725224146
0.6919145500599292
-0.9242034043550778
-0.3369394155567642
-0.5159015088631503
0.7713252335428631
-0.24698383051952538
0.295019693398879
-0.12010112605455886
-0.6965470992912615
-0.20750295065558394
1.0337114771943205
-0.78179862646165
0.36455423347319216
0.2571121728756409
-0.5154145024082002
-0.2626048220017324
-0.06787728969045403
-0.8989418990658045
1.527620394634352
0.2096902724926433
0.9449372004190449
1.0537701778564859
1.1977854567406367
0.5477231373545413
0.3678737444683439
-1.2042206386731096
0.0923174573365162
-0.09318182922635806
0.9755511141289577
0.1633709332428963
-0.23992883920070088
-0.3493494351894602
-0.531432989813952
-1.1869595553883128
-0.03928236827941278
-0.6668376839313762
-0.0696600690310353
-0.5759312151663267
-0.6857049965990648
1.3484460603317312
-0.3856521923286332
-0.7915869757813004
-1.1624279129461135
-0.31703625637936783
-0.6171567610049533
0.17360698643827335
-0.5375835284673587
-1.141345519405955
0.18750388877371654
-0.8085830946272342
-1.0693838598539394
-0.492791783836056
-0.7742396766391827
-0.510071106150698
0.14123100055084292
0.6030258649186013
-1.067946833680008
0.09000106955730025
-1.0542578649131813
0.9147603584426637
-0.05345598176189789
0.6998303626797612
-0.0556325709652325
-0.09700747695778247
0.176365285373485
0.27160689244261543
-0.2526427383587078
-0.7709440368708605
-0.34701221857651143
-0.6600206747184434
-0.4006382042872047
-1.258602177471711
0.13717967324079325
0.8775089856386379
0.9219833965596922
1.1740660146931128
0.1930426238472287
1.183200733751202
-1.542046753425687
1.0575652684926664
0.3043652067827446
-0.4598897223223088
1.1510810693396258
-0.41647279046569907
-0.8898998361185675
0.3099885327377649
-0.39668369572229717
0.49150262322926525
-1.1814948416690785
0.8007785268325391
1.1217587186369247
0.18318871297005115
1.0569738570048568
0.2894708453042985
-0.704040364810393
-0.1735098497361482
-0.7530235817623938
0.45291560332525826
0.3700490226140448
0.36949845610124965
-0.38274007198326887
-0.6363390893680019
-0.7075266591405657
-0.2765232606694521
0.8396465998949185
0.9162318149019908
0.27291901263754986
0.7912127914645282
-0.17861226023149326
-0.6266269445803347
0.005444371845224144
-0.2477347441026111
0.30983661558498077
-0.3255241214942609
1.0023331674836415
1.2802198049633033
0.7931925981464272
1.5521751052022876
-0.7035992070034519
-0.0075231790286704285
-0.5174328254765497
0.21868125076283984
-0.613438247503996
0.977642355380639
-0.1796336115627499
-0.432114438069521
0.5067787444647468
0.3969147342846697
-0.9042939463691553
-0.4099876909726984
-0.696994560540168
-0.25567595143987865
-0.2772616378263368
-0.046010292650840154
-0.8818447940413625
0.16130841566224075
1.0253584572537002
-0.5166001717532622
-0.7712447475620197
-0.28349796828662016
0.6680021601989307
-0.8569020012453201
0.2292926182328573
-0.5542700183633915
-1.3521383687405504
1.2363501827338856
-0.2834203199396689
-0.81889318887796
1.0297161769449072
-0.10225474682944717
0.8033049794190184
0.4040028449340259
-0.3373573918083096
1.1170388268766323
0.30754488756239157
0.09120059974918188
-1.4318483364836025
-0.19415134294092595
1.0851422315634047
-0.02705622526000749
-0.4470908373553748
0.005190026619516674
0.4464680369513534
0.8219288302099764
-0.21241024414053572
0.19887625074661283
1.1382454966117672
-1.3719496128334152
0.7560271825832747
-0.8914419145329917
-1.2801806991208202
-0.7175498216558323
-0.32064074507526585
-1.0034033670506737
-0.6837155596581945
1.1805262728094854
0.8403572374393338
1.233965633446039
0.2074915463969118
-1.0105752112650692
-0.41636837445261754
-0.3218798434192969
-0.45450790593868656
0.046533680549784434
0.07070365059952405
0.6146763831927642
-0.8059700225471729
0.14963635388837604
0.5124886048921257
0.15376189012263702
-0.8479171255542067
-0.6733016801443718
-0.5895271319426697
1.4438648868480348
0.5516963343389834
-0.4252009077622625
-0.3458149449851111
0.4968988741647107
-1.0232742809612618
0.4036448844386551
0.31534671367705863
0.22135116765089918
0.4073494922729952
-0.49982074701890034
1.1872664955728396
0.1256022270417783
0.750052910290297
0.20355435034941258
0.015635021918615377
-0.9779873042790497
-0.5398258188382657
0.05979462988766221
-0.17400731178397713
0.4031207966780638
-0.20724652966091206
-0.03279539165130624
-0.3603848449019447
0.8489348951140705
0.18319822935823712
0.05525395958821577
-0.1690311668179836
-0.1389177620056769
-0.3192041727933364
-0.7810894400218835
1.6541686470001318
0.40052397584242555
0.2101361474298734
1.1104150113713724
-0.1955513626468451
-1.6169535536623991
-0.5493096470305552
0.07381636013454178
-0.40750600759855843
-0.6296619485984539
0.46367745663260873
-0.6351043671869274
-0.2258324699835843
-0.0098170048032961
-0.7691586280595649
0.9569501507065618
0.5937213974316883
-0.2697631865095396
0.03485374634624541
0.5614833084603795
0.4752083758110309
0.3751127672293331
0.28804242842846206
0.6315045630765329
-0.12029791941568634
-0.5494011622975988
0.09944280149398188
-0.2915623652368644
0.2161469439934816
0.4979007900661099
0.04899403402448779
0.7840977333004183
0.3424668838652052
-0.3153831271990829
-0.23009310178035636
-0.32161632206579127
0.655585975706174
0.4977152053195884
0.09409617690274297
-0.030782030276890776
1.152363073147405
-0.2607967844825714
-0.7608864544681898
0.7268437146324029
-0.6622506969135471
-0.8955931146668145
1.1149187642419585
0.09948873166019764
0.07451274011396805
0.7108172783120277
-0.7289263013972415
-0.4935243432496291
-0.028667952149596082
-0.733848173876799
0.09292330119400816
0.19421830655531214
1.2472732509985103
1.1437371054764585
0.24005957879891948
1.261093108206635
-1.360913270922641
0.3187091622193886
-1.1718025106658925
-0.312407289170982
-0.13411385511432083
-0.07955645312102594
-0.16302707786808363
0.34809290042376956
-0.2853331361833875
-0.9182034996642354
0.018657845256688788
-0.379069241126317
0.6859290087248255
0.7854195330926874
-0.7892228443574021
-0.6376315224476328
-1.4257953252364324
-0.15289550913292643
0.29831133804118365
0.8812296737591927
-0.6160292681565293
0.797427839682054
1.1015298939494225
-0.7897479837364356
-0.4941588583975916
0.054113171172398
-0.22626953804058036
-0.5459889708195753
1.7110074113646325
0.0477478293336802
0.28507858445212336
-0.06557618656992684
-1.4228390479148005
0.6227635482977887
-0.08229728668501722
0.5577079776882333
0.29787824512160854
-0.2040598033969432
-0.9877170857394372
-1.1788775066082253
-0.6624705507099375
-1.0457521631968754
-0.13825463125305562
0.639251606026989
-0.3732143371831457
0.6418361433399238
-0.45441952247580536
0.6555229864494403
0.06568690925463827
-1.2878016826021783
0.37938430437224113
0.43329806287354306
1.1336127056741172
-0.17812654196786615
-0.6844390269842682
0.7909571564128648
0.7678804750785199
0.9374062634621052
-0.07411267270328958
1.0015107012465863
0.1737360065557369
0.5530894463182096
0.7525408647811846
-0.9567317788150532
-0.717319778394037
-0.11685464798026543
0.09980200145802098
0.46270244839112123
0.6623814061886271
0.09721344325678896
0.48458647756408324
0.52149704033149
0.14441007400785633
0.0975226266043277
0.08906735010113719
-1.0889705125430675
-0.5285643884968914
-0.9068761042978094
-0.6162742290345813
0.3610419217796939
1.1932227194178509
-0.4510862707236667
0.5176132957427255
0.9541850203910662
0.9581063147501383
-0.13425126155734388
-0.7443651568549959
-0.8479510118721036
-0.7078734838562675
-1.213167229347332
-0.4248722052089466
0.7843004045819648
-0.031194352331415903
0.43058728286319553
0.05504836871210317
0.11665010602169298
-0.3918222475513804
0.8514352865028055
-0.7647855716215941
0.5074670697901504
0.4225756328797258
-1.0404732021874135
1.0587275656305837
0.7019193709445517
0.7085960917665755
-0.22390819880928264
-0.038607928924561004
-0.9315057546168342
1.0746839085210897
-0.4060601368971227
0.3722708513609195
-0.29999145075610034
1.4455535902611178
0.6199818219533841
-0.44308479945601165
-0.9865999217244439
-1.1164449252995592
0.4117013720951794
-0.5273691928852139
-0.07129938180523496
-0.635802748616133
0.5337512506289377
0.6475526928190874
0.0123866426223751
0.02618306693443423
0.7786911658423947
0.9443701548912954
-0.96608191394637
-0.7990319533075902
-0.49252019392855384
-0.17069937336786484
-1.0622099157338472
-0.30384556720739997
1.192557596285257
0.6587811169855189
-0.6744203366365684
0.4667560751267274
0.8463234113469351
0.6243917865757082
-0.6268007026329783
0.2737328254689483
0.04221195831742242
-0.49420666168600785
-0.2542954206552823
0.9106225154195213
-0.48733035986107576
-0.6451699204854742
0.382548406216878
0.1489536309341712
0.9059334303864015
0.22594288892571923
-0.5624660357678877
-0.5079603290117295
0.2767105266153956
-0.20222423478927992
0.9473287297832573
-0.27862904940640265
-0.8225674706691415
-0.7728999343786096
-0.6624942787187195
-0.9537705050342544
1.1566325952228491
-0.666150316236306
0.8685065296326038
-0.1669923318047159
-0.48863185121901476
0.3293817327942693
0.8673104761874711
-0.5238165855493411
-0.8598172839942063
-0.758627413275537
-1.0016685871676982
0.028108343496222807
-0.7084404486304927
-0.6799543879871921
0.9047842254092007
-0.07848785577777595
0.888739383295704
-1.0525474119779292
0.5839148231372221
0.7444018389435391
-0.7828214447537216
-0.12515120687114184
0.22365448416214928
0.2133431765243025
-0.8193989088498365
-0.8313878183322287
0.5580078028727649
-0.21865224279141282
0.7411609471160345
-0.07232251211531407
0.48909460535563754
-1.1278609581713788
0.5489216666956617
-0.0768099791243659
0.9992198097490133
0.5832673228751238
0.5041774391738955
-0.02406293872239612
0.02928676664746871
0.891339908482265
0.26267135864319846
0.845011686216162
0.916434052842817
-0.34300803452060685
0.0844104053579601
-0.7099938697114114
0.8500458415754545
0.8388542685985939
-0.8838612879362748
0.24871936162294986
0.1768491672108891
-0.7968030633085447
0.42294996905417215
0.5641923537493502
-0.2363868801312387
-0.6936205768611994
-0.4865284943377221
-0.09497137498774048
0.8267032751041143
-0.5223330502182355
0.8219708776243715
-1.1088250984110966
-1.3044791599030945
0.19090606917798092
-0.8095016253861412
0.5899363385249639
-0.892301197543983
0.8357715144645119
0.30119482508679496
0.685563057042483
-0.19704146604636685
1.1580864620812545
-0.7328234956500845
0.6073228780049944
0.4747291181488896
0.2592672029849526
1.0525247168988072
-1.0814879740720618
-0.004097466947565964
-0.4502427314281183
0.47580955294392135
0.37819365029638
0.32708283742642486
0.3584895366457891
-0.13361301649449114
0.2658313307929535
-0.8298588034866989
0.25396666998773837
-0.4886069400558851
0.9639419564576497
0.05963645608648449
-0.13392813465315645
-0.0143230748242964
-0.5114240736982245
-0.43821433127070675
-0.7166642912345428
-1.2194202711114153
0.21884368640775345
0.7522720425541504
0.7608325523629988
0.6818824871445315
1.0024026459547903
0.6879795910654815
-0.2716272983076041
0.47466038730197346
-0.5619842353912837
0.6255303138950138
-0.2196151486090614
-0.395640033364719
-0.8286602479799119
0.5154657598303001
0.38560515550862373
-0.1365470328923572
-0.8084672140652029
0.9500948455663589
1.000056383701683
-1.5127732346239036
-0.087050802949354
0.7257750803057847
0.31486380275301923
-0.8979434042245977
0.11261783259853289
0.255137043753372
-0.05324668516360108
-0.5987092841555386
0.806574038836807
1.1267852930484346
0.7847306386186461
0.332175270778618
0.5302170899802773
-0.6489275255664659
-0.14428012226354892
0.6169352720650209
-1.0802746361288496
-0.4253367273755064
0.7943545420018979
-0.8010367762675792
-0.421084284042015
0.3386700826810887
0.11021574920603561
0.043734084766906434
1.1953872545916766
0.1561606530724692
-0.4609647882082328
0.15907098674085485
-0.17609084002540082
-0.008656392292320183
0.7281082739651893
0.23833272413303797
0.4910383535984162
-0.7057235378462299
-0.6465929069039631
-0.47530027289814025
-0.6136993448307937
-0.7553012563218497
1.0766900888508757
0.6388839964511208
0.3233175251607904
-0.08012320587457153
0.19077398630267367
0.3153182878526048
0.42142327401780777
0.17081425833069097
-0.4199644150446014
-0.7954003596682764
-0.8808852111796398
0.8005569195517552
0.8245619217758656
-0.9192107592893586
-0.45724831201830207
-0.29849227973837095
0.07913518457620561
