41 3371
-0.09555991875802416
-0.9877858061048952
-0.14471679166477996
-0.40061750939961416
-1.1633905906590227
-0.754214642765299
0.5850128661360172
-0.9151355834725304
-0.47948540480731056
-1.3793784607437274
-0.1989939798197756
0.7675262852608428
-1.065855135423593
1.3115103380848867
-0.04592021254244094
1.0700271814225066
-0.6204197083777528
-0.9974007957474901
0.2763365289449732
-1.584822034276258
-0.24753368096716474
0.24931507687140297
-0.5787804255615644
0.4382173586801529
-0.21704650738043274
-0.765725498311357
0.3600428632454353
-0.14931789099940804
0.3316045205502913
-0.2440452967102365
0.3875892575556341
-0.4738738803693733
-1.508868406087876
-0.34197459091476234
1.4113384953779866
0.4623156436039991
-0.9261340709230286
-1.0376104754151785
0.18230820171331374
0.9261669914772834
-0.252382452545347
-0.0514212635143135
0.1930056451607316
0.10388512292433807
-0.5525351604590751
1.308765049289853
-0.17782418922916804
0.4020609533888488
-0.4904719937106154
-0.0942799464494769
0.4385988365254417
0.11194995497093443
0.2117532560528579
-0.08134708130016713
0.36260822991604497
0.7232899830297115
-0.3115854564343712
-0.6035656796296459
-1.1152358375783882
-0.5903738841524554
0.732050298859859
-0.690416542590625
1.0509317695692988
1.0869820960459196
-0.0871223327669251
0.5491752424754217
-0.04468666419481973
-0.25369350627398224
-0.14995277041475874
0.21574098251006224
0.15094464316441927
-0.7885556848062268
0.7989346913836899
-0.5648598963209049
0.07121481351984876
0.1101720848834707
0.37576141147100306
-0.061042673460701094
-0.29692335381821316
0.044729339243885
0.8116518161083828
-0.35340151991517604
1.106139997428338
0.5217291568526139
-0.43118798520887497
-0.595561141369102
-0.36759541261218587
-0.371635276775851
0.08051064798519067
-0.01833825376240905
-1.427269195196692
0.8013215913412601
-0.9077353230557309
-0.011038988803776878
-0.24955972889555436
-0.5436645453906039
-0.7192919041912526
-0.7971546971309603
1.087787583624357
0.4214533314422956
0.2922817698044018
-0.5194519549801533
0.39482943203537424
0.6299654009609227
0.3933450427677888
0.5502157237916819
0.24135463876028615
-0.4127469990138912
-0.12639661054850662
-0.5787164858080663
0.26990017752708134
-0.34687186487640953
1.9769507443890897
-1.1181391782289376
-0.6086230335892899
0.18884417020149286
-0.6407218579968141
0.2673677270550916
-0.6971545987017678
0.005265559823176752
0.26455130015828415
-0.43799883886713187
-1.266164453714918
0.43627954742620934
0.5500389257593438
-0.13999126458947195
0.5024920961598957
-1.3092123888849823
0.394869412876998
-1.1511702783851754
0.020201318673710514
-0.4905054296800597
0.5154569666712073
0.7989535256440821
0.7158504546981334
1.102209833627003
0.5853103014048522
0.007530137006976995
-1.8431164893303433
-1.0344609956074227
0.21278247414947704
-0.3171990405455053
-0.959827486162986
0.1862740829881137
-0.3776275924237731
-0.5243923283469175
0.2375064173168045
-0.43569321565677743
0.27551377305975844
0.45961977343620575
-0.09898776937633184
1.048451168103274
-0.7553130376215358
0.9903510007641521
-0.8772692909718504
-1.5538821492185415
0.010382344667997478
