Type2-10 4153
0.06437319486705716
-1.9441304385329776
0.6677363920662398
1.318135102024201
0.07631177715427395
1.0516012721342607
1.324414559934991
-2.339805177585004
0.484569610771782
1.551046352351469
-2.3877748216086148
-2.6767644476096977
3.2097325004883
1.264499888590894
0.0837835225209281
-1.0820549854552515
0.29717993367115525
0.5643870259310557
-0.4809443359466837
0.9714015693112752
-2.77310034497272
0.03308038391876281
-0.21136750560105513
-0.05840523858423376
0.15599603869432713
-0.8155210329545943
1.0930463459767394
0.036840012731517616
0.6359062287972246
1.073329299611163
-0.7635992557944135
1.265018247322865
0.3405293448781197
0.9737188295614547
0.057283351890460014
1.8069983807817367
0.42297507172881676
0.10110158259655971
-1.234568496821677
-0.4220333247576349
0.17126634087964016
-0.16028988689111412
-1.4504877633328233
1.4532375491332052
0.6532416271717498
-0.18637506506780518
-1.1199960494448598
2.308325425368918
0.8008414244109474
2.1194588480093133
-0.24504278753107106
0.40548214338875577
-0.2810524725387859
1.1848572593341702
1.7445537675935994
0.8308138475969034
0.06725641268600815
1.2190587501656864
0.17032476634103294
0.25823023377682003
-0.31976226176077427
-0.09861481161302055
-0.21016726297711127
-0.6498367565520596
0.5754968549892214
1.4747610473580275
1.0597342661929232
-1.1479445806480277
-0.420912134056244
1.0146549574756871
-0.32692853543879086
-0.064787860290094
-0.4709531375199348
1.0929619353345041
1.0397391650930623
1.868372510995673
-1.026447981001756
-0.6274069940259921
0.9708300918850883
-0.9131285049070335
-0.7728945242635799
-0.11300879893739385
-1.2012779202241024
0.12333245411092075
1.3594622952327375
0.5024342561767283
-0.9712944077175555
0.6529614371503367
0.7893332468939496
1.3066524325153446
1.1715434023785107
-1.6216970754051216
-0.7772912046606598
0.82395893463845
-0.6106251733828216
-0.01232949374021168
-0.040168063475112675
-1.0043824925074174
2.4688368779000744
-0.46560188212325626
0.48301256492628525
0.3041635811605938
1.2267915429712597
-1.9701018981085114
1.179216764706522
0.23355446953523784
1.9679070434964483
-2.1609876805265564
-0.02101459666765032
0.06232208516675749
-0.015626676936009498
0.1532146739645447
-0.15268344550508506
-0.5421390798115233
0.055556101322052465
1.5127209121356866
0.47428197228016405
0.055643470249826556
-3.271585293400401
1.7716024557742351
0.14644045826666158
0.8876963795653221
-2.0295325531176522
-1.5191710258843694
-0.9832347433839811
2.482354152753163
0.9891324034959827
-0.38510184844879747
1.2969010082078491
0.5774542966231679
-0.03991362513540608
-0.08802246650057827
0.5149811402855049
-1.4197790634376988
0.5796178874957134
0.3042165189464543
1.1911942816266219
-1.4505563034426356
0.16183919403835798
-0.43198609493064777
-0.08349222853312416
-0.5107893826551733
0.8851949047180337
1.1317608863308373
0.9642035494195588
1.1591192519509086
1.2178915853975658
-1.5823788984564071
-0.6262060065398465
-0.06477482319981659
0.44461395647301033
0.13004602889477396
-0.5511754784141141
-0.03653488110683008
-0.5092044142213928
1.243604059377529
-0.9392712257338709
-1.765390480866116
-0.2728232301666851
-0.7801539844223989
1.3049895411167978
0.37083837220998983
0.8068656697445025
-1.2287596337154423
1.1222431507418105
0.3403430738773153
1.0527911519172204
-1.83026811149584
0.18436943353162658
0.4129193922881109
-0.08495479255121205
0.2222898623656287
0.39476349241126374
0.5645317736470739
-0.36866992378645946
-0.26589731741126693
1.065646725652495
0.4356736997696381
-0.626735787883062
0.1982785974874287
-0.4899606410822456
0.03302964610374144
2.0854090837774932
-0.4657428226178899
1.1398490336741014
-2.1944922637694124
2.615893703937393
0.48498864573200945
1.9529732258532506
1.2185886906885082
-0.0025964422788581076
0.4117908434812429
-0.35858961133041
-1.0390905876769798
-0.4376432150970919
-1.2034757232813873
-0.8646600689471264
-1.4660357586836712
0.1573803791847803
1.9163207236228224
-0.7777839138563578
0.8966027391600873
-0.6766557013874865
1.042545124464246
-0.534332987133063
-0.27957375644364396
-0.09303272572852224
0.8019246196316123
-0.9125280773501389
-0.22668334113544159
1.0680560906754288
1.4523983855500358
1.87126306843957
0.8166003473376539
-0.6730395627125791
-0.12343253750006378
-0.289033203405235
0.18972077345368688
-0.07788541260541647
-1.741159607511244
2.1294328037152366
1.273203308366405
-1.8156170081578318
0.6932817540767626
-1.0481389748352214
0.6097567389648489
0.8188918000881016
0.5799471780323274
-0.47542644461289996
-0.6894901689864348
-0.033242115575416856
0.40565375448400226
-0.07842170704813192
1.7141730419847514
0.37263309320860794
0.4760302315469254
-0.13108086921774853
-2.3520137642936674
1.431974710366646
-0.29008279419498506
-0.4429225703284587
0.6730176229613472
-1.2971032531499296
-1.1047190210684836
-0.02726739000665801
0.9481015410424488
1.667552945754606
-0.13311444149683352
-0.6788068584107584
-0.5116627374263105
0.5855309960687027
0.5917544823453165
-0.2018603278061745
-0.08766427270944516
1.2685958387822511
0.8591296352759004
-1.2103221531297117
0.057895878803222944
-1.1792162472436278
0.07341342445483579
-1.9981511122494693
-0.3021389345256895
1.5302073569604642
0.9184452524409703
-0.011641899770917563
-0.2375699146507447
-0.18971576163004927
-0.6687541265465368
0.20923709364292184
1.0098227468113847
0.7767324739643989
0.10993529549921621
-0.23572104486531492
-0.5410346499165105
1.2913613560892092
-0.22986878006618788
-0.4270398367410312
-0.5180774420650845
0.26698492572786714
0.8485767266462216
0.16726719762897002
-0.5338768519293188
-1.4367017639951487
0.9441580497057906
1.05631344273789
0.5131913635057124
1.1442385564405317
-1.1141658509739094
1.291591611985549
0.0747567201244819
0.5126083286940037
-0.1347357213113261
2.466930687241589
1.20081094390166
-0.46192416176520606
-1.2682263672395955
-1.0377825029625436
0.940403702412375
-1.7353261080567446
0.43945487527285326
0.07156054110293089
1.019527559820705
-1.7232601267784022
0.7147714233570357
0.31170205006022433
-0.6316288509489583
-0.4909502006103308
-0.4248904114435253
1.558408754197459
-0.7331542266124291
-1.1337954356033453
-0.20497212779508442
-1.4344463660933835
1.18070223161689
1.817454689624229
0.6634157128699915
-0.3089742527436357
2.1371069544901427
-0.42213777940665054
-0.9752539180842364
-0.5060811168627464
-1.826004868703021
0.3048038315313947
-1.834056616590734
0.6824676224381508
-0.3327032560515387
-0.3083904960779613
-0.7444274698335172
-1.1644377146903062
1.2588460358047844
-0.13173488487599455
-0.9981582328043785
-1.127523675092738
0.02671775883652583
1.6033216793166227
0.05896331182226175
1.1661779333784612
-0.39238328128623534
0.3186093172664402
0.7430039646476537
1.5604793232587093
0.8205562070080487
-0.11092873267435804
-1.9186875662238132
-0.9244840199052635
1.6967861782721956
0.7724870828503088
0.22704368035651595
-0.4032573126763455
-0.7574106449426228
1.017621928478919
-0.13284090882110058
-0.4462613253110876
-0.6050841186669114
-0.3736534632213646
-0.7009933165604683
0.4500601915035378
0.4337177080284259
1.557672316544873
1.6205124067212096
-0.7495621291120678
-0.07026972695719311
-0.027382888866623045
-0.6529735801530063
2.308672296987657
-3.481752393668249
-0.46187870561522143
0.6701100714343151
-0.11703484012476911
0.8908610577784819
-0.861617881789849
0.25680015058464184
1.8432854832409231
2.128339620292575
2.2565212156159684
1.4584002513246312
0.8354027362317322
4.213536713505422
0.3138021997848218
-1.259706994295433
-1.076386610571523
0.08595686283174639
1.4253237980300737
1.8626972498484062
-0.21034468633035455
-0.2584485711672103
0.3797041691049967
-0.8616345262424872
0.5112046214913795
-0.6072834171995687
0.11313076440248618
0.2234133850928266
-0.11882244778252464
0.5134938642488706
0.270662907207014
0.9346054014014935
0.1492213331989085
-1.6515664258706801
2.291972615745124
0.027689804855665662
-0.8629182480932138
-1.994794414368768
0.9603618753320231
-0.42399721016237885
0.42929118292449836
1.310756411009678
0.9950005681842092
0.4077790622454714
-0.6102322659147967
-2.291881866098308
-0.7113835059638486
1.1439123641234064
-0.568754985885286
-0.54075362648502
-1.2409360862455303
1.3799031770139898
-0.7027439282647987
-0.2976310710509488
0.42324316198505557
-2.296258570706732
-0.2861656870246738
0.93766959307157
1.7908300004239683
-1.9447569252109635
1.803400898841558
-1.2302333373043834
0.7888904922891509
0.12190993227176847
1.5795327945669757
-1.6432775885618025
-1.5890923636622287
1.4942150962166345
0.28352793189748016
3.0126359492198274E-4
-1.5377888929848185
-2.3948950544831327
-1.4035602998419
0.19071135098999303
0.10046390370549571
1.5683440679923004
2.2352568565801825
0.09396264807769744
-1.489596961074385
1.5220916096401176
-0.06919099169846549
-0.6766379712571122
1.644024384066963
-0.42881212753709547
-0.4722618322476165
1.369542525894657
-0.8494075717730427
0.14712369423168487
-0.06847318906366812
2.014430348815545
-2.7046985106894437
0.5198783365183616
0.7256588291539211
-0.37833287938968846
0.0681466373198859
-0.778632858890657
0.030832249272965795
0.5942883976883981
0.7530161799965033
-1.9602011946180857
0.7660233893221253
0.18551915580452288
-0.5451511768164636
0.9646867054875018
-2.032163002931696
2.3465380025817844
0.11065739048863946
-1.0699720006192839
-2.4406903411802725
0.43468451679589926
1.0989012585824645
-0.8244993444609667
2.1980887090757255
-0.8416163414927467
2.4868024011010146
0.6950759258337236
0.8068177665265341
-0.2680563181737524
1.005210640553598
1.1548194678733967
-1.3062089968810962
-0.1711233427326741
0.019886632957827166
-1.0012177152496506
0.2288116322522337
0.25744045880371874
-0.7207217433788202
1.6459779881962184
2.1505349001404994
0.7427281072207463
0.7410853963870789
-1.8271027679668654
1.806396603884138
-0.8679084478212787
0.34863129467048065
-1.3853291210827796
0.1655216729542446
1.1219701503893156
-0.4226669786492513
0.17023549053751044
-0.1846075320887579
-1.9176671902916012
0.17382299957688052
-1.8008262192992657
-0.4198962875984684
-0.1188598209069829
0.10734601212615555
-1.176782917460728
-0.045463947284538515
-1.2931055928883144
0.6156862012082319
1.3541849059570745
0.44870203516158946
0.2323486903710772
2.104388635801279
0.2593334719991163
2.043598734445452
-0.6503802592129146
0.004004614850838556
0.47195611789494907
0.08660705987108783
-1.0860455422741826
1.1524453794776792
-1.851451885698141
-0.2577406424438925
1.2010006251528558
0.6833501467503019
-1.839062676147176
1.453580195127477
0.12056549064462856
0.2620155995969212
0.22017370720139098
-0.6923290187527206
-0.92562838288743
-0.13308457046003147
-1.2983746349803484
1.0987974067158481
-0.07781200875907349
-1.5821210535169965
0.2588286587315989
-0.6414782790435347
-0.6828687599869068
-0.8971411055359222
-1.1097239640419039
-0.4316880453477149
0.24999205747332623
0.6233701831146603
0.8905354267565353
-1.124963633530768
0.6729236566879793
0.9743403899134685
0.4905565208375864
0.10870808531736145
-0.44968640901078233
-1.5416514054547217
-0.02826667636471053
-1.0092770501344772
-0.6785894592083079
1.570237368443484
0.07043849590280937
-0.6874277171592652
-0.933148003171215
-1.762006087796835
0.5223991821187006
0.7089743629645271
-0.02339730130331802
0.10529559149090573
0.7674308554351141
-1.152651154603162
0.6155659453935806
-0.6048783214916595
0.36339951048006075
-0.18765736806014935
-0.4087550293553913
-0.048809416222528934
-0.8267819592530289
0.028291503709786253
0.407757227788628
0.43502978162012856
-0.8503484329917699
1.1535847937655834
-0.42103726512971984
-2.4454611612709254
-0.6722725465524425
-0.4754852419106682
-0.61307776517739
0.7810060087419964
0.8166602213771631
-0.320330024824537
-0.6016456774592327
-0.7981267749224195
1.4577495372330778
0.21269878264968647
0.10872403164759226
-1.3440013983444077
-0.0860890749890593
2.010262870236198
1.3344343372295038
-1.4870905996635249
-0.8941434422906969
-1.9635300672461033
-0.8492068003895257
0.9445620023239885
-0.25788897285411977
-0.8475864969555464
-0.5880080641260421
-0.7731487086904336
0.854440249947579
-0.08172772916675489
0.7431520831319423
-0.6731710297603486
-1.0344064742074413
-0.21926418958198812
0.6596451178303803
-0.587883045532781
-0.7517999738478175
1.2521497209900214
-0.24487011766167038
0.03942687582212301
-0.9589581246873696
-2.0693905172244493
