5 3615
0.2505217529827803
0.7211142835804634
-0.2764173864974974
0.06516883354588421
0.7911148542371323
-0.6715437696739848
0.4288516109113764
-0.31909606407001556
0.786136264188165
-0.038733928463220935
0.5561281375946463
0.7322303117369707
-0.11673137396180455
0.7935952378379296
-0.0687920373318984
0.07538993168635141
0.0976986340984907
0.7093956748893674
0.17943983580857725
-0.6020762477043837
0.3916378988074215
0.7773993071094584
-0.37406913615932863
0.036368929485575546
0.3756062544084781
0.29962103891536135
-0.2730041095806337
0.13255567123583464
-0.08317163566879235
0.9283677840504503
-0.10235150072533723
0.04118570299428451
-0.3575963419813493
-0.552314821792642
0.832755646612049
0.5495264393528942
0.6070295612276208
0.23299393252362444
0.011267458091069826
-0.8516278135497097
0.5128809955904216
-0.02267672984924335
0.053347571020968765
0.9698424282455581
-0.6235790610229118
0.9928199137370791
0.9363107153274388
0.858075134206409
0.8879746165473775
-0.32823647093140773
0.12306813792698756
-1.2588619965097871
0.20599530511369443
0.6571466560727136
1.2360793814466493
0.8834191913318937
-0.18343894979963316
0.9031547530514916
-0.6583877457488809
0.13673889313403526
-0.6625338388686763
0.8272849624738741
0.875820959833296
1.0985778901018648
1.421700432824996
-0.48196777361167975
-1.0899358279264595
0.8486621588374155
0.18051323320972695
-0.4002427431106788
0.1752830467123047
-0.3126487943836845
-0.07370692994047084
-0.7867816271275316
0.7233324482654605
-0.43768281599449915
0.14607408739680602
0.3639250108367764
-0.23278566559726183
-0.44750966168829887
-0.06711524086465445
-0.10022811584988303
0.6697353718763559
-0.4390191211306961
-1.261015952300927
-0.3838899177004568
0.6439893436558926
-0.3611987959674694
-0.4482167978776439
0.13615623998393897
0.6315200546269872
-0.1775988847302799
0.35105292986486886
-0.21405150851995933
-0.1263352397187363
0.15220555902769492
-0.231893697188499
-1.0600648523335865
0.1841323219166272
1.0800728023351538
-0.04117520566589164
1.231366063829161
0.08682235241425633
1.3781647217518487
0.3214003824529795
-0.8416617619088628
0.41923329801862086
0.2565253030724831
-0.586888824595131
-0.5813034799424525
-0.42065151626846153
-0.48279926891895764
0.7945909486750016
-0.3391629365832497
0.07800480092312323
-0.18306246002874194
0.977733998713505
0.3314532977359824
0.8139038410396686
0.026171545000410384
1.1579088950822851
-1.179733558431967
0.003298229266181063
0.9338496904256717
0.004391960174276843
0.03747759669384648
-0.7440645632489563
0.4639186129590881
0.35009127035826204
0.8387391509350336
0.3409056035553203
-0.18264404550068225
-0.5167058028829256
-0.009588196737875143
-0.013165552612067477
0.8144990005092061
0.8994377051676452
-0.5956938392385894
-0.8872098592826445
0.05388945950519056
0.1610387270591238
0.41942284126334417
0.061371944067490636
0.6821954882044876
-0.7775525551003954
-0.6279094857873568
0.1773320363374808
-0.2434717344138017
-0.8774200926147514
-0.12078116356666826
0.6958878036851613
0.4557410555979055
-0.46796297230170825
-0.5243504152656998
0.3476089561477033
0.6471291997654236
-1.2323688477521837
