Type2-0 11604
1.0557125151966336
-2.0843755003793936
0.5836567523269469
1.782163979502955
1.5280253813951798
3.2408108108655664
2.374843561113638
-1.8248026938025572
-1.3028532482329533
2.4397262170785137
-0.8504093929179879
-3.8722691799546722
2.0731856566821203
2.4811530768560224
-0.7339000914824844
-2.109756227172638
2.0277450973582916
-0.4754470854731867
-3.7249957060140044
0.18279958067731467
-2.291351204892576
-0.14677607133214127
-0.6555743404660206
-2.368623394232054
0.2629592037838616
1.4879080093223407
-4.07036289430921
2.543408989633313
-0.3320562851779136
1.955464118594459
-3.2900879271067858
-2.767448886610114
0.34078475507505196
-1.4915523293368125
3.5854856444001317
2.1738218469697905
4.696596629445474
4.429613137656894
-0.5532787164615178
-1.7472202218381276
-1.9816392794013042
-3.101394241034733
-0.7183711677780508
1.3251460708334404
-0.3906068190769902
0.44836503770369074
-1.9563685261340538
0.566164945859516
1.031506132345064
1.6813216244986997
2.3649373533833424
0.19637411478481342
-3.8971462989936785
-1.3534882249788907
2.119773107385945
-0.8149760895732914
-2.1580959602380743
1.052588672221958
2.173907777693496
1.649745866267749
-2.0850842280535593
1.0029236233218868
2.4699728715926526
-0.39613668038362043
-1.409569909052599
2.5409681531733845
2.592778327815782
2.294924024473083
0.04616274106588586
0.38720108868789926
-0.35481040720018775
-0.20155679405441748
-0.7343758415156363
3.8484664618670537
-0.08042445144082194
1.0704228734917378
-1.0377253752601237
0.6938911492501145
-0.2314729527010292
0.9748385799135215
-3.170104472661199
-0.9677290949513327
-4.766461275844939
1.8956468516409037
1.227214147291953
1.9933730105295941
0.26644623684376006
0.6812186733743785
-0.6594245280099664
0.3997677561368933
2.575891760510479
-1.7493853940188564
-1.961134278913832
3.373310580279603
0.15159722839861103
0.3482670571836316
0.15390423527650487
2.3257458859914357
1.3204249251571485
-1.2951191995002085
1.1183926635700623
-1.1523173528234592
-0.7601186589802096
0.5623556268753542
0.3614991165142313
0.23013281544942038
-0.9266225123686627
0.9115371922793163
-0.0024563910105827313
0.28072742190501554
1.2556527853397228
0.16148316393118842
-0.8219614515508831
0.3868149884975213
0.540632763208443
1.1570680234384987
1.065310662470604
0.14770150271194063
0.9957070461174726
-0.3443919893931268
-0.6331780491780941
0.12136491883200526
-0.6813887028224168
0.06633652882696334
1.7889983779086445
0.3134977176763455
1.4264118348774066
-1.662746395619488
0.5096445573014814
-0.9195813375827799
-0.7668736947556414
-0.765971472164722
-0.1577351830108411
-0.05313357848172144
-0.858826721207281
1.3184654554379927
0.5132870612993422
-1.7019834262576647
-1.5182373833744232
-0.21355580357254617
0.02772974619018271
1.3276487718326884
0.09970544515026453
-1.9294110670815627
0.0908933521108038
0.11003047882214179
0.8415752342296786
-0.0666926234352673
0.22351383718753817
0.9095698834157552
-0.6663475494998702
-0.4220686306874133
0.15115001025283553
0.28952941365681656
0.6041800464798098
0.4338842922112409
-1.0244738009921788
1.2515828590489981
0.9023257148416002
-0.0989583885035703
0.7652393912757262
0.2606361559961228
-0.19620010060821952
0.08393298797385956
-1.1089772135459968
-0.20111689909787778
0.6055347909401771
1.809281117146521
-0.8206362783942505
-0.32342059291036196
-1.0146186584618773
-0.05887253927015276
-0.7480230322723884
0.4717325456559007
0.02004830641605293
1.4957333888042872
-0.7691025305157406
0.8936703161138995
0.2013503254154106
0.1396590882787225
0.4390342100709832
-2.0000082844696085
-0.10656813124394852
-0.2608393755383393
-1.3971737710539895
-1.9335546143706117
0.4057511050439905
0.3180206949506795
1.3460663601561045
-1.0891354957352708
0.8351420551989783
0.43667691862223185
-0.2436255261158442
0.10845084958563952
-1.1227667509257195
2.089889235019564
0.391012105922148
-0.17502625479258355
0.7096714589098004
0.11681097758508519
0.15256462169513574
-0.5396677419661869
-2.285379756905241
1.077295032614067
0.7578882471598207
-1.4417534294654981
-0.5205995002316923
0.19661455651112786
-0.372177701476456
-0.5267321647305647
-1.46751365509031
-0.08792043393181231
0.5351943703853854
0.8370198779829963
-0.6241610190862448
0.7978857713223456
-0.7582884542723333
0.5305577094324594
-1.392725346781307
-0.3107792376828532
0.5848846933678007
-0.502717366574731
-0.9600368230168282
0.463212741989315
-1.5787406319140964
0.13689969946703165
-0.3974707068086383
-0.5566193489310219
-0.21643281502943648
0.6533785802021159
-0.41503719235042824
-0.6074193158685038
0.27180434454876157
0.2739169729326132
-0.02030848095473034
0.2187733730215223
1.8949235437839436
-0.6710139604826922
-0.9029717254639229
-1.1434659771002202
-1.4661842409601369
-0.2379154016726961
-0.5209729762363213
-0.7020274007084126
-0.8689141291204308
-1.6529934298626208
-0.15599647213931347
0.940720398542663
-0.08808177842252476
1.0638247342845386
-0.1887684407300945
1.0635213628607123
-1.474790386622464
-1.3671806514539044
-1.2243825251502973
-1.3403461243951553
-0.8901001268523562
2.3584379488409373
-0.32314645544823495
0.004720397798828435
0.5795895709408656
0.6512473690938324
0.13486510661993
0.7225102407483425
0.833516545351959
0.7785391604032244
0.30129413574490105
-0.12178417031366953
0.7215376462089437
-0.5558623356970251
0.00941314122988271
-0.6500239568278408
1.3018339739148803
1.050891350464262
-0.5433905686351818
-0.5815950713437176
-0.4320130870565929
0.17175346855724782
-0.10886568396219715
-0.1771244051183908
-0.5249668463846158
-0.17041525425097115
-0.03957599102652651
-0.8284771118085289
0.5845437926267627
-0.9031997029488142
-1.3725086186745914
0.5636113217902171
0.13844436226763193
-0.8969029688124618
-0.024788050330271663
1.7967343779040577
0.2774044047602542
0.9552027307130058
-1.0068785930438546
-0.10882818745354832
0.6016012043266468
-0.2999457373828159
-0.7757428203604304
0.08247820969425756
0.18465108035196726
0.9024513125591519
-0.46041642131370947
0.8657006369549414
-0.0836389652412417
0.7640891331396035
0.29370335006093606
-1.8501854324361329
-0.6611504752650519
-0.7298459165539084
0.4405931573177039
-0.08799831766304883
-0.387864249282641
0.2500603566521393
0.28996463637737246
-0.13466928983397802
-0.7858207242719857
0.9439831521696233
1.1555444251325482
-0.5338410019191192
-1.3376488092396397
-0.15363882614603042
-0.25742724797254163
1.403266950881448
1.0977236251292193
-0.740733895722935
0.9341815498397691
0.1501859943179651
-0.1095530648975592
-0.20337037270848418
-0.5288927342149806
0.06324980789105272
-0.010178649854116206
-0.030212152507692783
0.5501819187763944
0.16753726721435808
0.11442964395572441
-0.03422110664532596
-0.14832133412768128
0.4936536982450088
0.12082940715416007
-0.08004987418813529
-1.4483910676584748
0.0655804707815677
-0.220656908115236
-1.281517621330553
-1.1169572037060926
-0.3017649700068846
-0.25147584988139116
0.38159424007544324
0.004766586143102547
-0.7506803303519474
0.39275462113064286
1.4529937937581776
-0.04684694291528166
0.347740645555665
-0.9955732397894342
-0.20706901480292758
0.056074885749979264
0.23120213003318363
-0.08111910832860975
0.9448742242693093
0.8836482478764581
0.3472328066533134
-0.6094943661357052
-0.5033057654807198
-0.697831223461799
0.5659248269968272
-1.075268403008677
-0.6035114845266418
1.0094777383429734
1.1340200806697958
-0.19420676204518184
-0.5394905028150354
0.545635380632688
-0.5638239479450708
0.5004141651575961
1.113611942530103
-0.5125392251990422
0.8839860394100142
-1.4591078450233566
0.3221896327400063
-0.9857082519285262
0.6899343302115618
-1.7095246661209615
-0.6959227741302808
-0.7620566768658715
-0.2527648360787668
-0.928754301654515
-0.19013285108985342
0.8126397087799063
-1.1371683100711176
-1.055923124815841
-0.3248938841543394
1.2530099917836528
0.396098615425148
0.8527929712925004
0.3505443246261065
-0.12293573943531871
0.9075997702143853
0.7101088342123885
0.594065821866973
-0.5812265972562675
-0.7929546629554067
0.1237007598309452
0.8742427937999432
-0.1886496239046258
0.02636690476768161
-0.03421177530137695
-1.2515974377245418
1.7232080785250186
1.5051763623666545
1.2014043324145198
-0.35183519282522235
-0.317734674954004
1.075694355734141
-1.236152018191626
0.8019592268254947
-0.05990014028648891
-1.285343577945542
-0.34416055631650405
-0.5971422924169648
-0.2304455376882857
-1.7379910760058936
0.5922179124137728
0.9348708461134596
-0.28623083068730576
0.41360282067044196
-1.2133745202828372
1.755272048217902
0.6329008460870119
-1.6129092104584741
-1.0617126197402875
0.28395995097438687
-0.984768149854235
0.9270350504729657
0.8902381565946497
0.35834715531210526
0.26260462938480794
0.26536389389865866
-1.404402690430084
-0.7673303553700441
0.2215542035711362
-0.027343015385817043
0.33292813624190054
-0.6687906771829364
-1.02082066483105
-1.0111005081857949
1.0824691171529932
0.534588849307793
-0.7476245933316187
0.039203732690632626
-0.1835450081134104
0.8646842535640472
-0.04626052227778463
0.31968564743630856
-0.654826967808714
0.27780473629817576
0.8992714854762143
1.3635836526809164
0.023841388705784672
2.2443896386982685
-1.7115391695576516
0.8536415300740591
1.4348003991313192
-0.47081409150021486
-0.8887227985928594
2.477509528768697
-0.8173579434244087
-0.46390361042157224
0.40307836470000014
0.4552785302180741
0.8788480666173178
-1.3702183741672957
-0.15956493147786763
0.6632755561973808
2.0772470176405133
-0.6430879263362289
0.029340273743951588
-1.0714211044503923
-0.3603139000389756
0.9648772999679505
0.10228503844491792
0.660330051772968
0.3157619213200523
-0.5678273833705928
-0.4509001322487789
-0.2904965077576895
1.803614138769918
-0.5197317291391053
0.2179930657046589
-0.2829991306555349
0.5711006606892501
1.6864091415512028
1.153809251616742
0.39471895382668565
-1.7107195336468954
-0.29356077272321585
1.729049096732516
-0.13891357874206073
0.24493423961473515
1.3085269137624163
1.7905476093274424
0.32526996882856374
-1.2932709893592786
-0.3004713964376241
0.21948892617167615
0.6650643712188054
0.24936330592198244
2.1202816759926786
0.48686782302812415
-0.16078336448871428
2.2177284406275195
-0.9108643562602696
-0.5670745688610906
-0.08065896272210854
0.24593715308836747
1.2250532927866988
0.6135871546927026
-0.6748564732026476
-0.11903142992287402
2.408745576278207
0.38749313286882237
1.0856116889982725
0.7759883748946692
-0.8957929879839479
-1.6303344058277127
1.1369653469471257
-1.2634776892222312
0.7057705033153282
-0.6599352654152338
1.0756705102782296
-1.6368344540897413
-0.44934211315814887
0.8399330498364096
-0.5034965949431811
0.18764950575905673
-0.3784063262502174
1.0022069716965791
0.025937147973831606
-1.3514371181570684
-0.620511497750705
-0.8220920994697898
0.271666644184972
0.6475363125659457
-1.9178457947273695
-0.3071555207606929
-0.17124722779935714
-0.5262592503340014
-1.2155986669505559
-0.8611321824232169
0.7939184039952296
0.4031973134464781
0.5693076702885979
1.3940988213547125
-1.839615803300516
-1.4410180216121293
0.5347943807878829
-0.24736449627239937
0.06942437372995286
1.2061392557096928
-1.3349618977366515
-0.36612520861044673
-1.5492519285231472
-0.26504313069478225
-0.32081796826620707
0.4852749797385924
-0.010183696307569379
0.8778567775225424
0.7923829386387639
-0.17241016758304614
-1.0244154075118275
-0.15033397160611267
0.8294428851599863
-0.04028709783661358
1.6167549173874187
-1.2979458955974446
-1.470233770355203
0.2907617035856548
-0.37477176349635866
-0.8506078221518212
0.458024994945341
0.5069779968552046
-0.46576376083629933
-0.5449441862774477
0.4973952548917272
-0.7304356097368778
-0.1693776373248137
0.2512117524702389
0.022379030002991282
0.26112351176299803
0.4719815362799359
1.3177550513924667
-0.14086303090234725
-1.147309040822699
-0.5722202487394815
-0.7027478356298529
-0.28686007971180205
-1.5227162445255809
-0.2568437876743811
-0.23406305979593314
-1.3048786107322
-1.3094156955934362
0.2166752800613723
0.4140831656134403
0.5019385397147679
1.1950602294504498
-0.5489629205422508
0.9767622092224839
0.9609111049512113
0.5437847930028039
1.2019914409988788
0.7179491613305382
0.7737079066408714
-0.992208969508004
0.29594543859216926
-0.6534481225390845
0.25302767812096705
1.2362736450688374
0.07345631323425675
0.2564485878814447
-0.28782392049160654
-0.05467702825970794
-0.21308962789137598
-0.23500396430767725
