Type2-5 239
1.9117955938697866
-3.491450759101307
-0.31095103870113405
-0.07850989232209754
0.6577034602965082
1.464140815199369
1.708692818017607
0.032836637446372066
-0.680354878216239
2.8451334284598717
-1.9292892189358026
-3.075418732035935
0.67659110966267
2.5788156983698616
0.7317249750358081
-2.1895636373084666
1.2029928941794457
0.18003047041886017
-1.9097684903143695
0.7432107957611487
-0.19875676425629762
-0.4024332358109474
-1.3488830719460223
-1.4889657960676648
0.003215271931078234
1.0403125238227073
-0.5622044113527855
2.233133607327081
-0.6465099590027183
-0.10888417217819482
-2.049635460132863
1.338609381169515
0.2554042988898129
-0.13915050913861032
2.00404258866331
1.7296507937070345
2.171185575018055
0.973342122287085
-0.6906584554875972
-1.2625855595449396
-1.5701181626472962
-1.284011659190074
-2.03782757778887
2.38609769386054
0.37708754392951865
0.20656182069209783
-0.7675734411182323
0.9838231239159565
1.046869409806148
2.0444630390701772
-0.34326504035889444
0.7266812064049955
-1.970016481535547
-1.0974374163531373
1.030914231634303
0.31286676417609915
0.48005307425369653
2.0897558216954453
0.012343386262592154
1.0045845527879655
0.06334673110639133
0.07741996593030101
1.5175132123749027
0.7264760308112284
1.057087827532541
2.107922892170059
2.6565879845813765
-0.5958475880798421
-1.472957916587254
0.6130208844030303
-0.5575496553985924
-0.6711677522187396
0.34956431315480613
1.9942283140555497
0.05882499750436182
2.5655701199384393
-0.8809111340682065
0.6587985156858076
0.17211458644094343
1.2091282093468065
-1.9374319852692914
0.15806776358266564
-2.567008497613668
-0.46651814890983245
1.269960943819393
0.4073828724126788
-1.7762655154444704
0.1562483921325781
0.7237112191030309
2.749707808383273
0.06772416742342487
-1.1006652331054907
-0.8555957520101587
-0.18643216515091776
-1.473963941687094
-1.0543871065924837
-1.4300026175329428
0.6218072555313502
2.040729391844835
0.4782250711800353
2.117808205195697
0.13962472608174298
1.7744048665153356
-2.198354416236456
0.5266426011022863
0.24672147892924398
0.9217750963562685
-0.32608249661857436
0.8133530540487569
1.7331613518459894
0.30330644188421907
1.2931351740265915
-0.5339430570464019
0.8131136183696277
0.7452030169563006
-0.32560609062323387
1.5346207022512781
-0.8962498236719049
-3.1746247506619403
1.0868258849620676
-0.17442810757759136
-0.2141407697944831
-1.30908789032892
-2.0865278559524043
1.2350287693410067
1.9478110054813143
0.35881885308750705
-0.24049850354401134
0.07125460806015797
-0.41616907318876456
-1.253116231689958
-0.984567814554861
1.0755908368504903
0.25861889649258285
1.6562842010178191
1.3764958282610469
-1.1317302364524207
-0.9087671932487483
0.03536622875229785
-0.7173067338470156
0.3899510206843061
0.25407617240292735
0.013031977151861301
1.1251738725889895
0.30950726399335277
-0.8109209568919309
0.9856276904530299
-1.3932874217282638
-1.3308724403468613
-1.626833466106247
1.152801754170075
-1.0657076114431143
-0.2022817626957688
-0.06836312375069181
-0.7145023042514536
0.7058682070566089
-0.8017324645838546
-1.2116426606048405
-0.7522167418617912
-0.530116868404009
1.970727817750087
1.271558561222136
0.2209110719853426
-1.2377174390216428
1.9197081670553304
0.6421672872450247
1.5060432385415363
-2.631204910062843
-0.358294264857659
-0.12242461049741832
-1.5409547690594174
0.18777935013470629
0.12744736732597461
0.630362541347291
0.09864131123146277
0.461327102334031
0.10630248190104191
0.1985123412943064
-0.03323239571554397
-0.050672814306480074
0.3122867860585469
-0.2650871967393665
-0.038556648217011186
-0.5454460652360896
0.7757356132860098
0.37511022289053725
0.5919411084329218
0.01241716943947535
0.2871000998872548
0.9843517529860015
-0.40156908089850296
-0.23016015899583472
-0.7735248242472246
-0.5265750270715235
-0.22723562258326738
0.33909667701617696
-0.31032001204587234
-0.5771092452339714
0.7254800322455287
0.3517195205367334
0.6431214638040124
-0.31825111709928733
-0.7732074431534546
-0.11022738965280832
0.8721207573424645
-0.9589182785945938
-1.3621110678963753
-0.22230790450245955
-1.2023151509179453
-0.4028020897802723
1.044445734738947
-0.8746374443166904
-0.8970921099718974
-0.1904090950206457
0.3371567489409314
-0.7406915386851181
-0.7326753525291304
0.8090977282437194
-0.21457481950757384
-1.1907935534298637
-1.2475292525912896
-0.17210533274437828
0.5780520288689339
-1.3207321576280184
1.1500060846025693
-0.5135797315434144
0.23755698717053617
-0.9059426804432971
-0.011630141122721371
0.5894062799789578
-0.1214755853933393
0.5967265176064822
0.2667915708363875
-0.2236790365859811
0.779964784690749
-1.051172459271434
-1.5178075881703972
-0.27838738092223475
0.6502411743810184
-0.48068718805776367
-0.5756066445776965
-0.025614271489436236
-0.7704620597439633
0.8670583308784181
0.3199676434968667
-0.4541045039962536
0.32261447914302266
0.12447091014910404
0.8450069886639465
-0.9106406771819031
0.06807116220004997
0.7174681403451173
-0.0719499151781347
-0.709925918821072
-0.2949287000569101
0.1425063170299155
-0.17331025621007187
-0.10452632373684567
0.710781320219251
-0.9803303230872709
0.3356296523774721
-0.8683950814160902
-1.3492403485384399
-1.1029410070233552
-0.20621194520241953
-0.23779261485372882
0.2854304583084237
1.4981216126980288
-0.19624100278728707
-0.7006254945019644
0.5910761233137858
-0.2118588222774579
-0.5018507414345953
-0.4695971339313786
-0.7848682956851096
-0.6209407800295843
-0.35067826710961425
0.6091544096416237
0.47315960638261356
-0.9456138618034652
0.7174581970977144
0.14183522955083433
-0.05263441417744397
-0.33220131527741276
-0.8832652927715141
-1.087824067547643
0.6411373830703815
0.01579556689567932
0.6663645973425878
-0.026818719953139558
0.4206729966096411
-0.024850093910511545
0.8355454779433
0.19471083527834698
0.008785632846843222
-0.1667186385284212
-0.6338155868003151
-1.2229437503790435
1.0276273067050656
0.07118839615069134
-0.2980450641931014
0.4207829118246991
0.4588169663731966
-0.9881008030014627
0.09254669643637262
-1.3905460245742567
-0.11364442074308168
1.8300741305155266
0.5376624573344532
0.37521323080432256
0.13156539474550238
1.3994506177716552
0.17372068954377035
0.9935337633426997
0.753648554126649
-0.04039197429076599
-1.5088366696518118
-0.7779537767676236
2.550237615513549
-0.5976916753667393
-0.027587732117671876
-1.3592773179225366
-0.19402160641441243
0.8165902643060081
-0.8823827169576292
1.5206770358121062
-1.8499639916507111
0.7814970953226866
1.7407646620857935
0.25208659852875087
0.2488343378516915
-0.09876291278390138
-1.283102271439338
0.18978255818746942
1.0252800834800802
-0.4602824942228896
-0.17842801956388837
-0.3010301644610386
-0.05058437237149058
0.34904335025327704
-0.12076816146048455
-0.008937175700229366
-0.5418690881925999
0.7530773092765386
0.23662798209656677
0.19154090188069073
0.38757125990202
1.0796048863990806
-0.4115617400639484
1.024848038868692
0.2551594318955654
-1.9037928874869727
-0.4616346991928211
0.13956232846625555
0.38297393147110226
1.0956948382587024
1.5382455182488972
2.6261128707042696
1.800834165494072
1.1058103836112338
-1.7872511536384912
-0.7427299158795634
1.4292551301975926
-2.3498851848645743
1.336812310600887
-2.0698709436382203
-0.16944933557802566
2.288315813540186
-1.4836707754282936
1.5897018982329714
-2.7499316786734918
0.6410565138636989
2.5812948529796826
2.669094027858181
1.8536756110504315
0.9749004480646977
0.9868376042304301
4.523538484316638
-1.776372719107328
-1.61101438747252
0.067108693832053
-1.2625589431292248
1.3537030523310418
1.2575510050770027
-0.9281562060347022
0.4820446918847857
-1.617916884794788
-0.5384816294078456
1.4376716206694355
1.3556768740154488
-0.4907048933974414
-0.24196919230110608
0.0470093895201137
0.528270736339469
0.96661785090487
0.3899053426484235
-0.3797293700290095
-0.477032605047267
1.8011626970370282
0.05657055844563061
-0.2223914425883176
-1.7624184288649678
0.1366361562988077
-2.2727130040974406
1.6997718789811025
1.24206408083817
1.1714325686024694
1.3727794232015045
-3.125288726989576
-2.224262218653919
-3.0776768634771767
0.7245598901551853
1.3562379677445024
0.23956581795654658
0.09965733332733595
2.115820678682107
-1.2776889459963512
-0.4938397085115758
0.8925677193737408
-1.6110977556795403
-0.5947677172379499
0.6701139480699377
1.6430048285445313
-2.2577360797419024
0.8541362029273564
-0.8273628850474085
-0.3194769796435711
-0.44945236728796867
1.3405723000946834
-1.7272852902104834
-1.7717823591720168
0.12855376427699625
-0.13202394994373395
0.3822721122599091
-1.4904561311232927
-0.7878053321564124
0.5394142204463523
1.6794573498322813
0.5634932629810014
2.0802540254713566
0.9459881537081208
1.311322673511242
-2.231067844428998
3.0431248051462045
-0.3868954587374045
-0.834774025676472
-0.5446185509372298
0.06417760666770407
-0.5181230084433283
1.4105734482414625
-1.8847892849851202
0.2861522993630854
-0.25345342395349973
1.3501974369283194
-2.4793102697775593
0.6920276978328815
-0.44320809351505613
0.5794874607342073
-0.4316428576530663
-1.1001406062633017
0.35434263433373
0.569683984298067
-0.4030955863929265
-2.2276353782890714
0.1100384452446116
0.1596391712732652
0.04398296307310569
0.33329129334159846
-1.0125706795531109
2.3540473050062736
-1.6598180451872053
-0.9013769322310883
-1.9492557486806796
-0.6032394865923909
-0.001149029641488039
-1.7961462251667
1.273256764407475
0.6986975402872175
1.0564884633936409
1.1087481067395735
0.3536703038116372
-0.8300846476680817
-1.5126737213856045
0.5920714406691759
-1.1728622229260557
0.6544989657268085
1.4418312758159362
0.9099529328494889
-1.9721837236123658
-0.680790784023271
-0.8895969744203804
-0.45231237897267634
0.6176137309075411
0.5012828962571697
0.5426429899492873
-0.13243060550773628
0.7500123958394355
-0.8373692383323545
-0.4203709288421715
0.2851038234757024
0.4392061928553823
0.6402258632130846
-0.5700211508726817
1.0510815152836577
0.059627850075733985
0.42743409136781574
0.10722145979726
-0.5590301385845594
0.02158632914690936
-0.9609401348886085
0.7887613662190485
0.5505320841964585
-0.5508765174070367
-0.952455015843105
0.25676921939942676
-0.39071923119478397
1.1271565696046808
0.23200864045341915
-0.21911560063238286
-0.6394683893612523
0.4225553644542967
0.11863541541891012
0.09762774858506802
0.006608914305258867
0.25225334225756907
-0.3026498803734411
-0.4348918922655902
0.04015687285461315
1.0324248142454018
1.499875096194582
-0.8216937585775741
0.3360311244484656
0.17159631929448263
-1.480532161462784
-0.10903552901015544
-0.4564636603418815
-0.26951686304974537
0.6315117414082922
-0.288719115184173
0.08099068607024329
-0.8528493090587197
-0.08697834728115297
-0.16662315417715803
0.539126778876019
-1.1471862095156324
-0.12634700993341622
-0.675242373586205
0.09668331267576587
0.15975767867784588
-1.023382907656206
0.1146891904520408
-0.33722301440880176
-0.5707193380481624
-0.3848172442345762
0.583590991379959
-0.5232374852368927
0.3995863967773564
1.0874879530032948
0.7947724770367641
0.10423932719796528
1.3812344096603746
0.5936006914931605
0.701482049421606
0.22087436887727066
-0.814441759316924
0.28499143264559856
0.8230278433165205
0.24809489794557818
0.04888809208066269
0.24316141287823537
0.31322399166116804
-0.652030336672859
-0.5083815510108497
-0.17558194694083593
-0.9312814675530808
0.4185362574662387
0.12085210233738918
-0.6733718123554489
-0.4412481509251208
-0.11198948172140939
0.6189671021939096
0.6490308859432083
-1.104655860570013
0.8495519181883778
-0.4991498905483895
-0.5539990211410599
-0.5456213562447068
1.306105490047238
0.8023318718124018
0.022784650869820455
0.8658474467071469
-0.799868000940628
0.3573216416653169
-0.39975499899988387
0.9863080409130223
0.2928988647934093
-0.5009721002811824
0.10172378439898372
0.08990238935230835
-0.8803952286509359
-1.282590582501824
0.5446695804204047
-0.11141999438408268
-0.5393535439855456
1.0714223304731132
0.46364484605916245
-0.8455527748240277
-0.611444217427215
0.8919301358004413
0.6028467935311212
0.01692204815685283
1.277532078115848
-0.5698119696708934
0.47441391360747465
-0.2557935825036178
-0.3817280932058912
1.296994953437411
-0.9190503930561775
-0.08827567842503595
0.3340570785011081
0.8258794956417561
-0.06147765088525027
-0.8657521079955934
0.2867810685305177
0.19527733055215704
