37 1544
-0.21438515111865517
-0.7133100908782213
0.21556332646866083
0.34613446571910655
0.7558340480994596
-0.7387355745236883
0.298214769727608
0.5799630283033952
0.5565788103361041
-0.3152683185930788
-0.7568888603731501
1.094696683973616
-0.816984509015444
0.45659122419968634
-0.28460195606363203
-0.22913233830181948
0.4418398392945913
0.11776859433236207
0.20016577883524048
0.4315054554051936
0.5419567460196454
0.42548535828803263
0.5696884253721755
0.5718310485620752
-0.737043788730879
1.0554351463172769
0.6630927013516765
-0.5905762878779248
0.7702386050976966
-0.33717850548585426
0.19727011932785454
-0.24613646892868574
0.9682040709596562
0.6797995733938753
-1.2340982354931032
-0.3393948473775071
0.2646754492559588
-0.5486054918169174
-0.8936408597998324
-0.1104070913342354
1.0181802060641405
-0.4968388083901203
0.6722910391995636
0.0328994066202703
-0.4963225348786039
0.5148982670698332
-0.5035105789775062
-0.18676117413344273
-0.6222317179854484
-0.25517959588625355
-0.7982627671873583
-0.5249216360246246
0.86339863940542
0.06152503911468171
-0.041969080993638906
0.4306434334880076
-0.053605791422369625
0.9790171032322237
-0.7310381677501793
0.4974099428544225
0.7802519101508429
-0.9985904908414942
-0.695269125631341
-0.8082717372288015
-0.620788318643568
-0.5461832097074977
-0.2501017314686227
0.7477166075584206
0.9669559730503092
0.7152866338851118
-0.6349759844554316
-1.203721431744323
-0.9635153681973891
-0.3791636452332886
-0.46113435997784374
0.2270364696199435
-0.49640601769155884
0.5019457371840625
0.01832381698173613
-0.26796810299080587
0.3200990593315947
-1.0293013070903398
-0.17897777453058142
0.9905494598829464
0.6974108789307433
-0.9770294297514808
-1.0907480534089071
-0.4807924444340692
-0.26182887055478
0.6761115280136303
0.8705145397330256
0.038968998582788156
-0.4991540860706428
-0.6734726233057002
0.013221885141060406
-0.7838687991824567
0.7418643691309684
-0.9807239259035447
0.2533943035804245
0.37825893220642726
-0.6531122765138526
0.04731121334322508
-0.6349704215767882
-1.4446853275799567
0.543506703735118
-1.4106583078498542
0.5398095811294449
0.29959340524594996
0.09564542747704749
-0.8536054086529846
0.7762843486002349
-0.3162796133444178
-0.46661798558094225
-0.24707532572532845
-0.5150864131145125
0.7693537474408573
0.6785358875710821
-1.1595355776589655
-0.9575820740147086
0.8655066983369062
-0.6658047716864312
0.017311901302364444
0.4793270552499821
-0.19591197400115457
0.44847717608516174
0.4164539990508965
-0.4193622623227176
0.8627060068700083
0.6357816764908275
0.8455860553392909
-0.23818482575308925
-0.8190954456452256
1.0554038922286517
-0.44909415235045036
0.7735016081340351
1.0524127287802072
-0.15524308098865341
0.08099759154043085
-0.887291537144816
-1.2536146758941382
-0.13522908364579223
-0.24101284165260162
-0.8199801558303119
0.24228938654875187
-0.1233736573687338
0.255053854961503
-0.04621773681718651
-0.2566643394031438
0.36507160885740847
0.10592363700391001
-0.43500867081181316
0.8827757615808439
-0.39982186880546683
0.9304467341014768
0.11871555904719092
0.30982307918650803
-0.6830367437668894
